0 0.0368991 0.0368991 2 1 0
0.000199995 0.0368998 0.0368998 1 1 0
0.00039999 0.0369004 0.0369004 1 1 0
0.00079998 0.0369017 0.0369017 1 1 0
0.00159996 0.0369043 0.0369043 1 1 0
0.00259993 0.0369076 0.0369076 1 1 0
0.00359991 0.0369109 0.0369109 1 1 0
0.00459988 0.0369142 0.0369142 1 1 0
0.00559986 0.0369175 0.0369175 1 1 0
0.00659983 0.0369208 0.0369208 1 1 0
0.00759981 0.0369241 0.0369241 1 1 0
0.00859978 0.0369275 0.0369275 1 1 0
0.00959975 0.0369309 0.0369309 1 1 0
0.0105997 0.0369343 0.0369343 1 1 0
0.0115997 0.0369377 0.0369377 1 1 0
0.0125997 0.0369411 0.0369411 1 1 0
0.0135996 0.0369445 0.0369445 1 1 0
0.0145996 0.036948 0.036948 1 1 0
0.0155996 0.0369515 0.0369515 1 1 0
0.0165996 0.0369549 0.0369549 1 1 0
0.0175995 0.0369584 0.0369584 1 1 0
0.0185995 0.036962 0.036962 1 1 0
0.0195995 0.0369655 0.0369655 1 1 0
0.0205994 0.036969 0.036969 1 1 0
0.0215994 0.0369726 0.0369726 1 1 0
0.0225994 0.0369762 0.0369762 1 1 0
0.0235993 0.0369798 0.0369798 1 1 0
0.0245993 0.0369834 0.0369834 1 1 0
0.0255993 0.036987 0.036987 1 1 0
0.0265992 0.0369907 0.0369907 1 1 0
0.0275992 0.0369944 0.0369944 1 1 0
0.0285992 0.036998 0.036998 1 1 0
0.0295992 0.0370018 0.0370018 1 1 0
0.0305991 0.0370055 0.0370055 1 1 0
0.0315991 0.0370092 0.0370092 1 1 0
0.0325991 0.037013 0.037013 1 1 0
0.033599 0.0370167 0.0370167 1 1 0
0.034599 0.0370205 0.0370205 1 1 0
0.0355989 0.0370243 0.0370243 1 1 0
0.0365989 0.0370281 0.0370281 1 1 0
0.0375989 0.037032 0.037032 1 1 0
0.0385988 0.0370358 0.0370358 1 1 0
0.0395988 0.0370397 0.0370397 1 1 0
0.0405988 0.0370436 0.0370436 1 1 0
0.0415987 0.0370475 0.0370475 1 1 0
0.0425987 0.0370514 0.0370514 1 1 0
0.0435987 0.0370553 0.0370553 1 1 0
0.0445986 0.0370593 0.0370593 1 1 0
0.0455986 0.0370633 0.0370633 1 1 0
0.0465985 0.0370672 0.0370672 1 1 0
0.0475985 0.0370713 0.0370713 1 1 0
0.0485985 0.0370753 0.0370753 1 1 0
0.0495984 0.0370793 0.0370793 1 1 0
0.0505984 0.0370834 0.0370834 1 1 0
0.0515983 0.0370875 0.0370875 1 1 0
0.0525983 0.0370916 0.0370916 1 1 0
0.0535983 0.0370957 0.0370957 1 1 0
0.0545982 0.0370998 0.0370998 1 1 0
0.0555982 0.0371039 0.0371039 1 1 0
0.0565981 0.0371081 0.0371081 1 1 0
0.0575981 0.0371123 0.0371123 1 1 0
0.0585981 0.0371165 0.0371165 1 1 0
0.059598 0.0371207 0.0371207 1 1 0
0.060598 0.037125 0.037125 1 1 0
0.0615979 0.0371292 0.0371292 1 1 0
0.0625979 0.0371335 0.0371335 1 1 0
0.0635978 0.0371378 0.0371378 1 1 0
0.0645978 0.0371421 0.0371421 1 1 0
0.0655977 0.0371464 0.0371464 1 1 0
0.0665977 0.0371508 0.0371508 1 1 0
0.0675976 0.0371551 0.0371551 1 1 0
0.0685976 0.0371595 0.0371595 1 1 0
0.0695976 0.0371639 0.0371639 1 1 0
0.0705975 0.0371683 0.0371683 1 1 0
0.0715975 0.0371728 0.0371728 1 1 0
0.0725974 0.0371772 0.0371772 1 1 0
0.0735974 0.0371817 0.0371817 1 1 0
0.0745973 0.0371862 0.0371862 1 1 0
0.0755973 0.0371907 0.0371907 1 1 0
0.0765972 0.0371952 0.0371952 1 1 0
0.0775972 0.0371998 0.0371998 1 1 0
0.0785971 0.0372043 0.0372043 1 1 0
0.0795971 0.0372089 0.0372089 1 1 0
0.080597 0.0372135 0.0372135 1 1 0
0.0815969 0.0372182 0.0372182 1 1 0
0.0825969 0.0372228 0.0372228 1 1 0
0.0835968 0.0372275 0.0372275 1 1 0
0.0845968 0.0372322 0.0372322 1 1 0
0.0855967 0.0372369 0.0372369 1 1 0
0.0865967 0.0372416 0.0372416 1 1 0
0.0875966 0.0372463 0.0372463 1 1 0
0.0885966 0.0372511 0.0372511 1 1 0
0.0895965 0.0372559 0.0372559 1 1 0
0.0905965 0.0372606 0.0372606 1 1 0
0.0915964 0.0372655 0.0372655 1 1 0
0.0925963 0.0372703 0.0372703 1 1 0
0.0935963 0.0372752 0.0372752 1 1 0
0.0945962 0.03728 0.03728 1 1 0
0.0955962 0.0372849 0.0372849 1 1 0
0.0965961 0.0372898 0.0372898 1 1 0
0.097596 0.0372948 0.0372948 1 1 0
0.098596 0.0372997 0.0372997 1 1 0
0.0995959 0.0373047 0.0373047 1 1 0
0.100596 0.0373097 0.0373097 1 1 0
0.101596 0.0373147 0.0373147 1 1 0
0.102596 0.0373198 0.0373198 1 1 0
0.103596 0.0373248 0.0373248 1 1 0
0.104596 0.0373299 0.0373299 1 1 0
0.105596 0.037335 0.037335 1 1 0
0.106595 0.0373401 0.0373401 1 1 0
0.107595 0.0373452 0.0373452 1 1 0
0.108595 0.0373504 0.0373504 1 1 0
0.109595 0.0373556 0.0373556 1 1 0
0.110595 0.0373608 0.0373608 1 1 0
0.111595 0.037366 0.037366 1 1 0
0.112595 0.0373712 0.0373712 1 1 0
0.113595 0.0373765 0.0373765 1 1 0
0.114595 0.0373818 0.0373818 1 1 0
0.115595 0.0373871 0.0373871 1 1 0
0.116595 0.0373924 0.0373924 1 1 0
0.117595 0.0373977 0.0373977 1 1 0
0.118595 0.0374031 0.0374031 1 1 0
0.119595 0.0374085 0.0374085 1 1 0
0.120594 0.0374139 0.0374139 1 1 0
0.121594 0.0374193 0.0374193 1 1 0
0.122594 0.0374247 0.0374247 1 1 0
0.123594 0.0374302 0.0374302 1 1 0
0.124594 0.0374357 0.0374357 1 1 0
0.125594 0.0374412 0.0374412 1 1 0
0.126594 0.0374467 0.0374467 1 1 0
0.127594 0.0374523 0.0374523 1 1 0
0.128594 0.0374579 0.0374579 1 1 0
0.129594 0.0374635 0.0374635 1 1 0
0.130594 0.0374691 0.0374691 1 1 0
0.131594 0.0374747 0.0374747 1 1 0
0.132594 0.0374804 0.0374804 1 1 0
0.133593 0.0374861 0.0374861 1 1 0
0.134593 0.0374918 0.0374918 1 1 0
0.135593 0.0374975 0.0374975 1 1 0
0.136593 0.0375033 0.0375033 1 1 0
0.137593 0.037509 0.037509 1 1 0
0.138593 0.0375148 0.0375148 1 1 0
0.139593 0.0375207 0.0375207 1 1 0
0.140593 0.0375265 0.0375265 1 1 0
0.141593 0.0375324 0.0375324 1 1 0
0.142593 0.0375382 0.0375382 1 1 0
0.143593 0.0375442 0.0375442 1 1 0
0.144593 0.0375501 0.0375501 1 1 0
0.145592 0.037556 0.037556 1 1 0
0.146592 0.037562 0.037562 1 1 0
0.147592 0.037568 0.037568 1 1 0
0.148592 0.037574 0.037574 1 1 0
0.149592 0.0375801 0.0375801 1 1 0
0.150592 0.0375861 0.0375861 1 1 0
0.151592 0.0375922 0.0375922 1 1 0
0.152592 0.0375984 0.0375984 1 1 0
0.153592 0.0376045 0.0376045 1 1 0
0.154592 0.0376107 0.0376107 1 1 0
0.155591 0.0376168 0.0376168 1 1 0
0.156591 0.037623 0.037623 1 1 0
0.157591 0.0376293 0.0376293 1 1 0
0.158591 0.0376355 0.0376355 1 1 0
0.159591 0.0376418 0.0376418 1 1 0
0.160591 0.0376481 0.0376481 1 1 0
0.161591 0.0376544 0.0376544 1 1 0
0.162591 0.0376608 0.0376608 1 1 0
0.163591 0.0376672 0.0376672 1 1 0
0.164591 0.0376736 0.0376736 1 1 0
0.16559 0.03768 0.03768 1 1 0
0.16659 0.0376864 0.0376864 1 1 0
0.16759 0.0376929 0.0376929 1 1 0
0.16859 0.0376994 0.0376994 1 1 0
0.16959 0.0377059 0.0377059 1 1 0
0.17059 0.0377125 0.0377125 1 1 0
0.17159 0.0377191 0.0377191 1 1 0
0.17259 0.0377257 0.0377257 1 1 0
0.17359 0.0377323 0.0377323 1 1 0
0.174589 0.0377389 0.0377389 1 1 0
0.175589 0.0377456 0.0377456 1 1 0
0.176589 0.0377523 0.0377523 1 1 0
0.177589 0.037759 0.037759 1 1 0
0.178589 0.0377658 0.0377658 1 1 0
0.179589 0.0377725 0.0377725 1 1 0
0.180589 0.0377793 0.0377793 1 1 0
0.181589 0.0377862 0.0377862 1 1 0
0.182588 0.037793 0.037793 1 1 0
0.183588 0.0377999 0.0377999 1 1 0
0.184588 0.0378068 0.0378068 1 1 0
0.185588 0.0378137 0.0378137 1 1 0
0.186588 0.0378207 0.0378207 1 1 0
0.187588 0.0378277 0.0378277 1 1 0
0.188588 0.0378347 0.0378347 1 1 0
0.189588 0.0378417 0.0378417 1 1 0
0.190587 0.0378488 0.0378488 1 1 0
0.191587 0.0378559 0.0378559 1 1 0
0.192587 0.037863 0.037863 1 1 0
0.193587 0.0378701 0.0378701 1 1 0
0.194587 0.0378773 0.0378773 1 1 0
0.195587 0.0378845 0.0378845 1 1 0
0.196587 0.0378917 0.0378917 1 1 0
0.197586 0.037899 0.037899 1 1 0
0.198586 0.0379062 0.0379062 1 1 0
0.199586 0.0379135 0.0379135 1 1 0
0.200586 0.0379209 0.0379209 1 1 0
0.201586 0.0379282 0.0379282 1 1 0
0.202586 0.0379356 0.0379356 1 1 0
0.203586 0.0379431 0.0379431 1 1 0
0.204585 0.0379505 0.0379505 1 1 0
0.205585 0.037958 0.037958 1 1 0
0.206585 0.0379655 0.0379655 1 1 0
0.207585 0.037973 0.037973 1 1 0
0.208585 0.0379806 0.0379806 1 1 0
0.209585 0.0379881 0.0379881 1 1 0
0.210585 0.0379958 0.0379958 1 1 0
0.211584 0.0380034 0.0380034 1 1 0
0.212584 0.0380111 0.0380111 1 1 0
0.213584 0.0380188 0.0380188 1 1 0
0.214584 0.0380265 0.0380265 1 1 0
0.215584 0.0380343 0.0380343 1 1 0
0.216584 0.0380421 0.0380421 1 1 0
0.217583 0.0380499 0.0380499 1 1 0
0.218583 0.0380578 0.0380578 1 1 0
0.219583 0.0380656 0.0380656 1 1 0
0.220583 0.0380735 0.0380735 1 1 0
0.221583 0.0380815 0.0380815 1 1 0
0.222583 0.0380895 0.0380895 1 1 0
0.223582 0.0380975 0.0380975 1 1 0
0.224582 0.0381055 0.0381055 1 1 0
0.225582 0.0381136 0.0381136 1 1 0
0.226582 0.0381217 0.0381217 1 1 0
0.227582 0.0381298 0.0381298 1 1 0
0.228581 0.0381379 0.0381379 1 1 0
0.229581 0.0381461 0.0381461 1 1 0
0.230581 0.0381543 0.0381543 1 1 0
0.231581 0.0381626 0.0381626 1 1 0
0.232581 0.0381709 0.0381709 1 1 0
0.23358 0.0381792 0.0381792 1 1 0
0.23458 0.0381875 0.0381875 1 1 0
0.23558 0.0381959 0.0381959 1 1 0
0.23658 0.0382043 0.0382043 1 1 0
0.23758 0.0382128 0.0382128 1 1 0
0.23858 0.0382212 0.0382212 1 1 0
0.239579 0.0382298 0.0382298 1 1 0
0.240579 0.0382383 0.0382383 1 1 0
0.241579 0.0382469 0.0382469 1 1 0
0.242579 0.0382555 0.0382555 1 1 0
0.243578 0.0382641 0.0382641 1 1 0
0.244578 0.0382728 0.0382728 1 1 0
0.245578 0.0382815 0.0382815 1 1 0
0.246578 0.0382903 0.0382903 1 1 0
0.247578 0.038299 0.038299 1 1 0
0.248577 0.0383078 0.0383078 1 1 0
0.249577 0.0383167 0.0383167 1 1 0
0.250577 0.0383256 0.0383256 1 1 0
0.251577 0.0383345 0.0383345 1 1 0
0.252577 0.0383434 0.0383434 1 1 0
0.253576 0.0383524 0.0383524 1 1 0
0.254576 0.0383614 0.0383614 1 1 0
0.255576 0.0383705 0.0383705 1 1 0
0.256576 0.0383796 0.0383796 1 1 0
0.257575 0.0383887 0.0383887 1 1 0
0.258575 0.0383979 0.0383979 1 1 0
0.259575 0.0384071 0.0384071 1 1 0
0.260575 0.0384163 0.0384163 1 1 0
0.261574 0.0384256 0.0384256 1 1 0
0.262574 0.0384349 0.0384349 1 1 0
0.263574 0.0384442 0.0384442 1 1 0
0.264574 0.0384536 0.0384536 1 1 0
0.265573 0.038463 0.038463 1 1 0
0.266573 0.0384725 0.0384725 1 1 0
0.267573 0.038482 0.038482 1 1 0
0.268573 0.0384915 0.0384915 1 1 0
0.269572 0.0385011 0.0385011 1 1 0
0.270572 0.0385107 0.0385107 1 1 0
0.271572 0.0385204 0.0385204 1 1 0
0.272572 0.03853 0.03853 1 1 0
0.273571 0.0385398 0.0385398 1 1 0
0.274571 0.0385495 0.0385495 1 1 0
0.275571 0.0385593 0.0385593 1 1 0
0.27657 0.0385692 0.0385692 1 1 0
0.27757 0.0385791 0.0385791 1 1 0
0.27857 0.038589 0.038589 1 1 0
0.27957 0.038599 0.038599 1 1 0
0.280569 0.038609 0.038609 1 1 0
0.281569 0.038619 0.038619 1 1 0
0.282569 0.0386291 0.0386291 1 1 0
0.283568 0.0386392 0.0386392 1 1 0
0.284568 0.0386494 0.0386494 1 1 0
0.285568 0.0386596 0.0386596 1 1 0
0.286567 0.0386699 0.0386699 1 1 0
0.287567 0.0386802 0.0386802 1 1 0
0.288567 0.0386905 0.0386905 1 1 0
0.289566 0.0387009 0.0387009 1 1 0
0.290566 0.0387113 0.0387113 1 1 0
0.291566 0.0387218 0.0387218 1 1 0
0.292566 0.0387323 0.0387323 1 1 0
0.293565 0.0387429 0.0387429 1 1 0
0.294565 0.0387535 0.0387535 1 1 0
0.295565 0.0387641 0.0387641 1 1 0
0.296564 0.0387748 0.0387748 1 1 0
0.297564 0.0387855 0.0387855 1 1 0
0.298563 0.0387963 0.0387963 1 1 0
0.299563 0.0388071 0.0388071 1 1 0
0.300563 0.038818 0.038818 1 1 0
0.301562 0.0388289 0.0388289 1 1 0
0.302562 0.0388399 0.0388399 1 1 0
0.303562 0.0388509 0.0388509 1 1 0
0.304561 0.038862 0.038862 1 1 0
0.305561 0.0388731 0.0388731 1 1 0
0.306561 0.0388842 0.0388842 1 1 0
0.30756 0.0388954 0.0388954 1 1 0
0.30856 0.0389067 0.0389067 1 1 0
0.309559 0.038918 0.038918 1 1 0
0.310559 0.0389293 0.0389293 1 1 0
0.311559 0.0389407 0.0389407 1 1 0
0.312558 0.0389522 0.0389522 1 1 0
0.313558 0.0389637 0.0389637 1 1 0
0.314557 0.0389752 0.0389752 1 1 0
0.315557 0.0389868 0.0389868 1 1 0
0.316557 0.0389985 0.0389985 1 1 0
0.317556 0.0390102 0.0390102 1 1 0
0.318556 0.0390219 0.0390219 1 1 0
0.319555 0.0390337 0.0390337 1 1 0
0.320555 0.0390456 0.0390456 1 1 0
0.321554 0.0390575 0.0390575 1 1 0
0.322554 0.0390695 0.0390695 1 1 0
0.323554 0.0390815 0.0390815 1 1 0
0.324553 0.0390936 0.0390936 1 1 0
0.325553 0.0391057 0.0391057 1 1 0
0.326552 0.0391179 0.0391179 1 1 0
0.327552 0.0391301 0.0391301 1 1 0
0.328551 0.0391424 0.0391424 1 1 0
0.329551 0.0391548 0.0391548 1 1 0
0.33055 0.0391672 0.0391672 1 1 0
0.33155 0.0391797 0.0391797 1 1 0
0.332549 0.0391922 0.0391922 1 1 0
0.333549 0.0392048 0.0392048 1 1 0
0.334548 0.0392174 0.0392174 1 1 0
0.335548 0.0392301 0.0392301 1 1 0
0.336547 0.0392429 0.0392429 1 1 0
0.337547 0.0392557 0.0392557 1 1 0
0.338546 0.0392686 0.0392686 1 1 0
0.339546 0.0392815 0.0392815 1 1 0
0.340545 0.0392946 0.0392946 1 1 0
0.341545 0.0393076 0.0393076 1 1 0
0.342544 0.0393208 0.0393208 1 1 0
0.343544 0.039334 0.039334 1 1 0
0.344543 0.0393472 0.0393472 1 1 0
0.345542 0.0393605 0.0393605 1 1 0
0.346542 0.0393739 0.0393739 1 1 0
0.347541 0.0393874 0.0393874 1 1 0
0.348541 0.0394009 0.0394009 1 1 0
0.34954 0.0394145 0.0394145 1 1 0
0.350539 0.0394281 0.0394281 1 1 0
0.351539 0.0394419 0.0394419 1 1 0
0.352538 0.0394557 0.0394557 1 1 0
0.353538 0.0394695 0.0394695 1 1 0
0.354537 0.0394834 0.0394834 1 1 0
0.355536 0.0394974 0.0394974 1 1 0
0.356536 0.0395115 0.0395115 1 1 0
0.357535 0.0395257 0.0395257 1 1 0
0.358534 0.0395399 0.0395399 1 1 0
0.359534 0.0395542 0.0395542 1 1 0
0.360533 0.0395685 0.0395685 1 1 0
0.361532 0.039583 0.039583 1 1 0
0.362532 0.0395975 0.0395975 1 1 0
0.363531 0.0396121 0.0396121 1 1 0
0.36453 0.0396267 0.0396267 1 1 0
0.36553 0.0396415 0.0396415 1 1 0
0.366529 0.0396563 0.0396563 1 1 0
0.367528 0.0396712 0.0396712 1 1 0
0.368527 0.0396862 0.0396862 1 1 0
0.369527 0.0397013 0.0397013 1 1 0
0.370526 0.0397164 0.0397164 1 1 0
0.371525 0.0397316 0.0397316 1 1 0
0.372524 0.039747 0.039747 1 1 0
0.373523 0.0397624 0.0397624 1 1 0
0.374523 0.0397778 0.0397778 1 1 0
0.375522 0.0397934 0.0397934 1 1 0
0.376521 0.0398091 0.0398091 1 1 0
0.37752 0.0398248 0.0398248 1 1 0
0.378519 0.0398406 0.0398406 1 1 0
0.379518 0.0398566 0.0398566 1 1 0
0.380518 0.0398726 0.0398726 1 1 0
0.381517 0.0398887 0.0398887 1 1 0
0.382516 0.0399049 0.0399049 1 1 0
0.383515 0.0399212 0.0399212 1 1 0
0.384514 0.0399376 0.0399376 1 1 0
0.385513 0.0399541 0.0399541 1 1 0
0.386512 0.0399706 0.0399706 1 1 0
0.387511 0.0399873 0.0399873 1 1 0
0.38851 0.0400041 0.0400041 1 1 0
0.389509 0.040021 0.040021 1 1 0
0.390508 0.040038 0.040038 1 1 0
0.391507 0.0400551 0.0400551 1 1 0
0.392506 0.0400723 0.0400723 1 1 0
0.393505 0.0400896 0.0400896 1 1 0
0.394504 0.040107 0.040107 1 1 0
0.395503 0.0401245 0.0401245 1 1 0
0.396502 0.0401421 0.0401421 1 1 0
0.397501 0.0401599 0.0401599 1 1 0
0.3985 0.0401777 0.0401777 1 1 0
0.399498 0.0401957 0.0401957 1 1 0
0.400497 0.0402138 0.0402138 1 1 0
0.401496 0.040232 0.040232 1 1 0
0.402495 0.0402504 0.0402504 1 1 0
0.403494 0.0402688 0.0402688 1 1 0
0.404492 0.0402874 0.0402874 1 1 0
0.405491 0.0403061 0.0403061 1 1 0
0.40649 0.0403249 0.0403249 1 1 0
0.407489 0.0403439 0.0403439 1 1 0
0.408487 0.040363 0.040363 1 1 0
0.409486 0.0403822 0.0403822 1 1 0
0.410485 0.0404015 0.0404015 1 1 0
0.411483 0.040421 0.040421 1 1 0
0.412482 0.0404407 0.0404407 1 1 0
0.41348 0.0404604 0.0404604 1 1 0
0.414479 0.0404804 0.0404804 1 1 0
0.415477 0.0405004 0.0405004 1 1 0
0.416476 0.0405206 0.0405206 1 1 0
0.417474 0.040541 0.040541 1 1 0
0.418473 0.0405615 0.0405615 1 1 0
0.419471 0.0405822 0.0405822 1 1 0
0.42047 0.040603 0.040603 1 1 0
0.421468 0.040624 0.040624 1 1 0
0.422466 0.0406452 0.0406452 1 1 0
0.423465 0.0406665 0.0406665 1 1 0
0.424463 0.040688 0.040688 1 1 0
0.425461 0.0407096 0.0407096 1 1 0
0.426459 0.0407315 0.0407315 1 1 0
0.427457 0.0407535 0.0407535 1 1 0
0.428456 0.0407757 0.0407757 1 1 0
0.429454 0.0407981 0.0407981 1 1 0
0.430452 0.0408207 0.0408207 1 1 0
0.43145 0.0408434 0.0408434 1 1 0
0.432448 0.0408664 0.0408664 1 1 0
0.433446 0.0408895 0.0408895 1 1 0
0.434444 0.0409129 0.0409129 1 1 0
0.435441 0.0409365 0.0409365 1 1 0
0.436439 0.0409603 0.0409603 1 1 0
0.437437 0.0409843 0.0409843 1 1 0
0.438435 0.0410085 0.0410085 1 1 0
0.439432 0.041033 0.041033 1 1 0
0.44043 0.0410577 0.0410577 1 1 0
0.441428 0.0410826 0.0410826 1 1 0
0.442425 0.0411078 0.0411078 1 1 0
0.443422 0.0411332 0.0411332 1 1 0
0.44442 0.0411589 0.0411589 1 1 0
0.445417 0.0411848 0.0411848 1 1 0
0.446414 0.041211 0.041211 1 1 0
0.447412 0.0412375 0.0412375 1 1 0
0.448409 0.0412642 0.0412642 1 1 0
0.449406 0.0412912 0.0412912 1 1 0
0.450403 0.0413186 0.0413186 1 1 0
0.4514 0.0413462 0.0413462 1 1 0
0.452396 0.0413741 0.0413741 1 1 0
0.453393 0.0414024 0.0414024 1 1 0
0.45439 0.041431 0.041431 1 1 0
0.455386 0.0414599 0.0414599 1 1 0
0.456383 0.0414892 0.0414892 1 1 0
0.457379 0.0415188 0.0415188 1 1 0
0.458375 0.0415488 0.0415488 1 1 0
0.459372 0.0415791 0.0415791 1 1 0
0.460368 0.0416099 0.0416099 1 1 0
0.461364 0.041641 0.041641 1 1 0
0.462359 0.0416726 0.0416726 1 1 0
0.463355 0.0417046 0.0417046 1 1 0
0.464351 0.041737 0.041737 1 1 0
0.465346 0.0417699 0.0417699 1 1 0
0.466341 0.0418032 0.0418032 1 1 0
0.467336 0.0418371 0.0418371 1 1 0
0.468331 0.0418714 0.0418714 1 1 0
0.469326 0.0419063 0.0419063 1 1 0
0.47032 0.0419417 0.0419417 1 1 0
0.471315 0.0419777 0.0419777 1 1 0
0.472309 0.0420143 0.0420143 1 1 0
0.473303 0.0420515 0.0420515 1 1 0
0.474296 0.0420893 0.0420893 1 1 0
0.47529 0.0421278 0.0421278 1 1 0
0.476283 0.042167 0.042167 1 1 0
0.477276 0.042207 0.042207 1 1 0
0.478268 0.0422477 0.0422477 1 1 0
0.47926 0.0422892 0.0422892 1 1 0
0.480252 0.0423315 0.0423315 1 1 0
0.481244 0.0423748 0.0423748 1 1 0
0.482235 0.042419 0.042419 1 1 0
0.483225 0.0424642 0.0424642 1 1 0
0.484215 0.0425104 0.0425104 1 1 0
0.485205 0.0425578 0.0425578 1 1 0
0.486194 0.0426063 0.0426063 1 1 0
0.487182 0.0426561 0.0426561 1 1 0
0.488169 0.0427073 0.0427073 1 1 0
0.489156 0.0427599 0.0427599 1 1 0
0.490142 0.042814 0.042814 1 1 0
0.491127 0.0428699 0.0428699 1 1 0
0.492111 0.0429276 0.0429276 1 1 0
0.493093 0.0429873 0.0429873 1 1 0
0.494074 0.0430491 0.0430491 1 1 0
0.495053 0.0431134 0.0431134 1 1 0
0.496031 0.0431803 0.0431803 1 1 0
0.497006 0.0432502 0.0432502 1 1 0
0.497978 0.0433234 0.0433234 1 1 0
0.498947 0.0434003 0.0434003 1 1 0
0.499913 0.0434816 0.0434816 1 1 0
0.500873 0.0435679 0.0435679 1 1 0
0.501827 0.04366 0.04366 1 1 0
0.502773 0.0437592 0.0437592 1 1 0
0.503709 0.0438671 0.0438671 1 1 0
0.504628 0.0439858 0.0439858 1 1 0
0.505525 0.0441187 0.0441187 1 1 0
0.506385 0.0442708 0.0442708 1 1 0
0.507179 0.0444503 0.0444503 1 1 0
0.507838 0.0446699 0.0446699 1 1 0
0.508158 0.0448745 0.0448745 2 1 0
0.508221 0.0450156 0.0450156 2 1 0
0.507991 0.0452906 0.0452906 2 1 0
0.507448 0.0455247 0.0455247 2 1 0
0.506753 0.0457228 0.0457228 2 1 0
0.50598 0.0458958 0.0458958 2 1 0
0.505161 0.0460507 0.0460507 2 1 0
0.504312 0.0461924 0.0461924 2 1 0
0.503442 0.0463239 0.0463239 2 1 0
0.502557 0.0464471 0.0464471 2 1 0
0.501661 0.0465637 0.0465637 2 1 0
0.500756 0.0466748 0.0466748 2 1 0
0.499843 0.046781 0.046781 2 1 0
0.498925 0.0468832 0.0468832 2 1 0
0.498001 0.0469819 0.0469819 2 1 0
0.497073 0.0470774 0.0470774 2 1 0
0.496142 0.0471701 0.0471701 2 1 0
0.495208 0.0472603 0.0472603 2 1 0
0.494271 0.0473483 0.0473483 2 1 0
0.493331 0.0474343 0.0474343 2 1 0
0.49239 0.0475184 0.0475184 2 1 0
0.491446 0.0476008 0.0476008 2 1 0
0.490501 0.0476817 0.0476817 2 1 0
0.489554 0.0477611 0.0477611 2 1 0
0.488606 0.0478392 0.0478392 2 1 0
0.487657 0.0479161 0.0479161 2 1 0
0.486706 0.0479918 0.0479918 2 1 0
0.485755 0.0480665 0.0480665 2 1 0
0.484802 0.0481401 0.0481401 2 1 0
0.483849 0.0482129 0.0482129 2 1 0
0.482894 0.0482847 0.0482847 2 1 0
0.48194 0.0483557 0.0483557 2 1 0
0.480984 0.048426 0.048426 2 1 0
0.480028 0.0484955 0.0484955 2 1 0
0.479071 0.0485644 0.0485644 2 1 0
0.478114 0.0486325 0.0486325 2 1 0
0.477156 0.0487001 0.0487001 2 1 0
0.476197 0.0487671 0.0487671 2 1 0
0.475239 0.0488335 0.0488335 2 1 0
0.47428 0.0488994 0.0488994 2 1 0
0.47332 0.0489648 0.0489648 2 1 0
0.47236 0.0490297 0.0490297 2 1 0
0.4714 0.0490941 0.0490941 2 1 0
0.47044 0.0491582 0.0491582 2 1 0
0.469479 0.0492218 0.0492218 2 1 0
0.468518 0.049285 0.049285 2 1 0
0.467557 0.0493478 0.0493478 2 1 0
0.466596 0.0494103 0.0494103 2 1 0
0.465634 0.0494725 0.0494725 2 1 0
0.464672 0.0495343 0.0495343 2 1 0
0.463711 0.0495958 0.0495958 2 1 0
0.462749 0.049657 0.049657 2 1 0
0.461786 0.049718 0.049718 2 1 0
0.460824 0.0497786 0.0497786 2 1 0
0.459862 0.049839 0.049839 2 1 0
0.458899 0.0498992 0.0498992 2 1 0
0.457937 0.0499591 0.0499591 2 1 0
0.456974 0.0500188 0.0500188 2 1 0
0.456011 0.0500782 0.0500782 2 1 0
0.455049 0.0501375 0.0501375 2 1 0
0.454086 0.0501966 0.0501966 2 1 0
0.453123 0.0502554 0.0502554 2 1 0
0.45216 0.0503141 0.0503141 2 1 0
0.451198 0.0503727 0.0503727 2 1 0
0.450235 0.050431 0.050431 2 1 0
0.449272 0.0504892 0.0504892 2 1 0
0.448309 0.0505473 0.0505473 2 1 0
0.447346 0.0506052 0.0506052 2 1 0
0.446384 0.0506629 0.0506629 2 1 0
0.445421 0.0507206 0.0507206 2 1 0
0.444458 0.0507781 0.0507781 2 1 0
0.443496 0.0508355 0.0508355 2 1 0
0.442533 0.0508928 0.0508928 2 1 0
0.44157 0.05095 0.05095 2 1 0
0.440608 0.0510071 0.0510071 2 1 0
0.439646 0.051064 0.051064 2 1 0
0.438683 0.0511209 0.0511209 2 1 0
0.437721 0.0511778 0.0511778 2 1 0
0.436759 0.0512345 0.0512345 2 1 0
0.435797 0.0512912 0.0512912 2 1 0
0.434835 0.0513478 0.0513478 2 1 0
0.433873 0.0514043 0.0514043 2 1 0
0.432912 0.0514608 0.0514608 2 1 0
0.43195 0.0515172 0.0515172 2 1 0
0.430989 0.0515735 0.0515735 2 1 0
0.430028 0.0516298 0.0516298 2 1 0
0.429067 0.0516861 0.0516861 2 1 0
0.428106 0.0517423 0.0517423 2 1 0
0.427145 0.0517985 0.0517985 2 1 0
0.426184 0.0518547 0.0518547 2 1 0
0.425224 0.0519108 0.0519108 2 1 0
0.424263 0.0519669 0.0519669 2 1 0
0.423303 0.052023 0.052023 2 1 0
0.422343 0.0520791 0.0520791 2 1 0
0.421384 0.0521351 0.0521351 2 1 0
0.420424 0.0521912 0.0521912 2 1 0
0.419465 0.0522472 0.0522472 2 1 0
0.418505 0.0523033 0.0523033 2 1 0
0.417546 0.0523593 0.0523593 2 1 0
0.416588 0.0524153 0.0524153 2 1 0
0.415629 0.0524713 0.0524713 2 1 0
0.414671 0.0525274 0.0525274 2 1 0
0.413713 0.0525834 0.0525834 2 1 0
0.412755 0.0526395 0.0526395 2 1 0
0.411797 0.0526956 0.0526956 2 1 0
0.41084 0.0527517 0.0527517 2 1 0
0.409883 0.0528078 0.0528078 2 1 0
0.408926 0.0528639 0.0528639 2 1 0
0.407969 0.0529201 0.0529201 2 1 0
0.407013 0.0529763 0.0529763 2 1 0
0.406057 0.0530326 0.0530326 2 1 0
0.405101 0.0530888 0.0530888 2 1 0
0.404146 0.0531451 0.0531451 2 1 0
0.403191 0.0532015 0.0532015 2 1 0
0.402236 0.0532579 0.0532579 2 1 0
0.401281 0.0533143 0.0533143 2 1 0
0.400327 0.0533708 0.0533708 2 1 0
0.399373 0.0534273 0.0534273 2 1 0
0.398419 0.0534839 0.0534839 2 1 0
0.397466 0.0535405 0.0535405 2 1 0
0.396513 0.0535972 0.0535972 2 1 0
0.39556 0.0536539 0.0536539 2 1 0
0.394608 0.0537108 0.0537108 2 1 0
0.393656 0.0537676 0.0537676 2 1 0
0.392704 0.0538246 0.0538246 2 1 0
0.391753 0.0538816 0.0538816 2 1 0
0.390802 0.0539386 0.0539386 2 1 0
0.389851 0.0539958 0.0539958 2 1 0
0.388901 0.054053 0.054053 2 1 0
0.387951 0.0541103 0.0541103 2 1 0
0.387002 0.0541677 0.0541677 2 1 0
0.386053 0.0542251 0.0542251 2 1 0
0.385104 0.0542827 0.0542827 2 1 0
0.384156 0.0543403 0.0543403 2 1 0
0.383208 0.054398 0.054398 2 1 0
0.382261 0.0544558 0.0544558 2 1 0
0.381314 0.0545137 0.0545137 2 1 0
0.380368 0.0545716 0.0545716 2 1 0
0.379422 0.0546297 0.0546297 2 1 0
0.378476 0.0546879 0.0546879 2 1 0
0.377531 0.0547461 0.0547461 2 1 0
0.376586 0.0548045 0.0548045 2 1 0
0.375642 0.054863 0.054863 2 1 0
0.374699 0.0549216 0.0549216 2 1 0
0.373755 0.0549802 0.0549802 2 1 0
0.372813 0.055039 0.055039 2 1 0
0.371871 0.0550979 0.0550979 2 1 0
0.370929 0.0551569 0.0551569 2 1 0
0.369988 0.055216 0.055216 2 1 0
0.369047 0.0552753 0.0552753 2 1 0
0.368107 0.0553346 0.0553346 2 1 0
0.367168 0.0553941 0.0553941 2 1 0
0.366229 0.0554537 0.0554537 2 1 0
0.36529 0.0555134 0.0555134 2 1 0
0.364353 0.0555732 0.0555732 2 1 0
0.363415 0.0556332 0.0556332 2 1 0
0.362479 0.0556933 0.0556933 2 1 0
0.361543 0.0557535 0.0557535 2 1 0
0.360607 0.0558139 0.0558139 2 1 0
0.359672 0.0558744 0.0558744 2 1 0
0.358738 0.055935 0.055935 2 1 0
0.357805 0.0559957 0.0559957 2 1 0
0.356872 0.0560566 0.0560566 2 1 0
0.35594 0.0561177 0.0561177 2 1 0
0.355008 0.0561789 0.0561789 2 1 0
0.354077 0.0562402 0.0562402 2 1 0
0.353147 0.0563017 0.0563017 2 1 0
0.352217 0.0563633 0.0563633 2 1 0
0.351289 0.056425 0.056425 2 1 0
0.350361 0.056487 0.056487 2 1 0
0.349433 0.056549 0.056549 2 1 0
0.348507 0.0566112 0.0566112 2 1 0
0.347581 0.0566736 0.0566736 2 1 0
0.346656 0.0567362 0.0567362 2 1 0
0.345732 0.0567989 0.0567989 2 1 0
0.344808 0.0568617 0.0568617 2 1 0
0.343885 0.0569247 0.0569247 2 1 0
0.342963 0.0569879 0.0569879 2 1 0
0.342042 0.0570513 0.0570513 2 1 0
0.341122 0.0571148 0.0571148 2 1 0
0.340203 0.0571785 0.0571785 2 1 0
0.339284 0.0572423 0.0572423 2 1 0
0.338367 0.0573064 0.0573064 2 1 0
0.33745 0.0573706 0.0573706 2 1 0
0.336534 0.057435 0.057435 2 1 0
0.335619 0.0574995 0.0574995 2 1 0
0.334705 0.0575643 0.0575643 2 1 0
0.333792 0.0576292 0.0576292 2 1 0
0.33288 0.0576943 0.0576943 2 1 0
0.331969 0.0577596 0.0577596 2 1 0
0.331059 0.057825 0.057825 2 1 0
0.33015 0.0578907 0.0578907 2 1 0
0.329242 0.0579565 0.0579565 2 1 0
0.328334 0.0580226 0.0580226 2 1 0
0.327428 0.0580888 0.0580888 2 1 0
0.326523 0.0581552 0.0581552 2 1 0
0.32562 0.0582218 0.0582218 2 1 0
0.324717 0.0582886 0.0582886 2 1 0
0.323815 0.0583556 0.0583556 2 1 0
0.322914 0.0584228 0.0584228 2 1 0
0.322015 0.0584902 0.0584902 2 1 0
0.321117 0.0585578 0.0585578 2 1 0
0.32022 0.0586257 0.0586257 2 1 0
0.319324 0.0586937 0.0586937 2 1 0
0.318429 0.0587619 0.0587619 2 1 0
0.317536 0.0588303 0.0588303 2 1 0
0.316643 0.0588989 0.0588989 2 1 0
0.315752 0.0589678 0.0589678 2 1 0
0.314863 0.0590369 0.0590369 2 1 0
0.313974 0.0591061 0.0591061 2 1 0
0.313087 0.0591756 0.0591756 2 1 0
0.312202 0.0592453 0.0592453 2 1 0
0.311317 0.0593152 0.0593152 2 1 0
0.310434 0.0593853 0.0593853 2 1 0
0.309553 0.0594557 0.0594557 2 1 0
0.308672 0.0595263 0.0595263 2 1 0
0.307794 0.0595971 0.0595971 2 1 0
0.306916 0.0596681 0.0596681 2 1 0
0.306041 0.0597393 0.0597393 2 1 0
0.305166 0.0598108 0.0598108 2 1 0
0.304294 0.0598825 0.0598825 2 1 0
0.303422 0.0599544 0.0599544 2 1 0
0.302553 0.0600265 0.0600265 2 1 0
0.301685 0.0600989 0.0600989 2 1 0
0.300818 0.0601715 0.0601715 2 1 0
0.299953 0.0602443 0.0602443 2 1 0
0.29909 0.0603174 0.0603174 2 1 0
0.298228 0.0603907 0.0603907 2 1 0
0.297369 0.0604642 0.0604642 2 1 0
0.29651 0.060538 0.060538 2 1 0
0.295654 0.060612 0.060612 2 1 0
0.2948 0.0606862 0.0606862 2 1 0
0.293947 0.0607607 0.0607607 2 1 0
0.293096 0.0608354 0.0608354 2 1 0
0.292247 0.0609104 0.0609104 2 1 0
0.291399 0.0609855 0.0609855 2 1 0
0.290554 0.061061 0.061061 2 1 0
0.28971 0.0611366 0.0611366 2 1 0
0.288869 0.0612125 0.0612125 2 1 0
0.288029 0.0612887 0.0612887 2 1 0
0.287192 0.0613651 0.0613651 2 1 0
0.286356 0.0614417 0.0614417 2 1 0
0.285523 0.0615186 0.0615186 2 1 0
0.284691 0.0615957 0.0615957 2 1 0
0.283862 0.0616731 0.0616731 2 1 0
0.283034 0.0617507 0.0617507 2 1 0
0.282209 0.0618285 0.0618285 2 1 0
0.281386 0.0619066 0.0619066 2 1 0
0.280566 0.061985 0.061985 2 1 0
0.279747 0.0620635 0.0620635 2 1 0
0.278931 0.0621424 0.0621424 2 1 0
0.278117 0.0622214 0.0622214 2 1 0
0.277305 0.0623008 0.0623008 2 1 0
0.276496 0.0623803 0.0623803 2 1 0
0.275689 0.0624601 0.0624601 2 1 0
0.274884 0.0625402 0.0625402 2 1 0
0.274082 0.0626205 0.0626205 2 1 0
0.273282 0.062701 0.062701 2 1 0
0.272485 0.0627818 0.0627818 2 1 0
0.27169 0.0628628 0.0628628 2 1 0
0.270898 0.062944 0.062944 2 1 0
0.270108 0.0630255 0.0630255 2 1 0
0.269321 0.0631073 0.0631073 2 1 0
0.268537 0.0631893 0.0631893 2 1 0
0.267755 0.0632715 0.0632715 2 1 0
0.266976 0.063354 0.063354 2 1 0
0.266199 0.0634367 0.0634367 2 1 0
0.265426 0.0635196 0.0635196 2 1 0
0.264655 0.0636028 0.0636028 2 1 0
0.263887 0.0636862 0.0636862 2 1 0
0.263121 0.0637698 0.0637698 2 1 0
0.262359 0.0638537 0.0638537 2 1 0
0.261599 0.0639378 0.0639378 2 1 0
0.260842 0.0640222 0.0640222 2 1 0
0.260088 0.0641068 0.0641068 2 1 0
0.259337 0.0641916 0.0641916 2 1 0
0.258589 0.0642766 0.0642766 2 1 0
0.257844 0.0643619 0.0643619 2 1 0
0.257102 0.0644474 0.0644474 2 1 0
0.256364 0.0645331 0.0645331 2 1 0
0.255628 0.064619 0.064619 2 1 0
0.254895 0.0647052 0.0647052 2 1 0
0.254165 0.0647915 0.0647915 2 1 0
0.253439 0.0648781 0.0648781 2 1 0
0.252716 0.064965 0.064965 2 1 0
0.251996 0.065052 0.065052 2 1 0
0.251279 0.0651392 0.0651392 2 1 0
0.250565 0.0652267 0.0652267 2 1 0
0.249855 0.0653143 0.0653143 2 1 0
0.249148 0.0654022 0.0654022 2 1 0
0.248444 0.0654903 0.0654903 2 1 0
0.247744 0.0655785 0.0655785 2 1 0
0.247047 0.065667 0.065667 2 1 0
0.246354 0.0657557 0.0657557 2 1 0
0.245664 0.0658446 0.0658446 2 1 0
0.244977 0.0659336 0.0659336 2 1 0
0.244294 0.0660229 0.0660229 2 1 0
0.243614 0.0661123 0.0661123 2 1 0
0.242938 0.066202 0.066202 2 1 0
0.242265 0.0662918 0.0662918 2 1 0
0.241596 0.0663818 0.0663818 2 1 0
0.24093 0.066472 0.066472 2 1 0
0.240268 0.0665623 0.0665623 2 1 0
0.239609 0.0666529 0.0666529 2 1 0
0.238954 0.0667436 0.0667436 2 1 0
0.238303 0.0668345 0.0668345 2 1 0
0.237655 0.0669255 0.0669255 2 1 0
0.237011 0.0670167 0.0670167 2 1 0
0.236371 0.0671081 0.0671081 2 1 0
0.235735 0.0671996 0.0671996 2 1 0
0.235102 0.0672913 0.0672913 2 1 0
0.234472 0.0673832 0.0673832 2 1 0
0.233847 0.0674752 0.0674752 2 1 0
0.233225 0.0675673 0.0675673 2 1 0
0.232607 0.0676596 0.0676596 2 1 0
0.231993 0.0677521 0.0677521 2 1 0
0.231382 0.0678446 0.0678446 2 1 0
0.230775 0.0679374 0.0679374 2 1 0
0.230172 0.0680302 0.0680302 2 1 0
0.229573 0.0681232 0.0681232 2 1 0
0.228978 0.0682163 0.0682163 2 1 0
0.228386 0.0683096 0.0683096 2 1 0
0.227798 0.0684029 0.0684029 2 1 0
0.227215 0.0684964 0.0684964 2 1 0
0.226634 0.06859 0.06859 2 1 0
0.226058 0.0686837 0.0686837 2 1 0
0.225486 0.0687776 0.0687776 2 1 0
0.224917 0.0688715 0.0688715 2 1 0
0.224352 0.0689656 0.0689656 2 1 0
0.223791 0.0690597 0.0690597 2 1 0
0.223234 0.069154 0.069154 2 1 0
0.222681 0.0692483 0.0692483 2 1 0
0.222131 0.0693428 0.0693428 2 1 0
0.221586 0.0694373 0.0694373 2 1 0
0.221044 0.069532 0.069532 2 1 0
0.220506 0.0696267 0.0696267 2 1 0
0.219972 0.0697215 0.0697215 2 1 0
0.219441 0.0698164 0.0698164 2 1 0
0.218915 0.0699114 0.0699114 2 1 0
0.218392 0.0700064 0.0700064 2 1 0
0.217873 0.0701015 0.0701015 2 1 0
0.217358 0.0701967 0.0701967 2 1 0
0.216847 0.070292 0.070292 2 1 0
0.21634 0.0703873 0.0703873 2 1 0
0.215836 0.0704827 0.0704827 2 1 0
0.215336 0.0705781 0.0705781 2 1 0
0.21484 0.0706737 0.0706737 2 1 0
0.214348 0.0707692 0.0707692 2 1 0
0.213859 0.0708648 0.0708648 2 1 0
0.213374 0.0709605 0.0709605 2 1 0
0.212893 0.0710562 0.0710562 2 1 0
0.212416 0.071152 0.071152 2 1 0
0.211942 0.0712478 0.0712478 2 1 0
0.211472 0.0713437 0.0713437 2 1 0
0.211006 0.0714396 0.0714396 2 1 0
0.210544 0.0715355 0.0715355 2 1 0
0.210085 0.0716315 0.0716315 2 1 0
0.209629 0.0717275 0.0717275 2 1 0
0.209178 0.0718235 0.0718235 2 1 0
0.20873 0.0719196 0.0719196 2 1 0
0.208286 0.0720157 0.0720157 2 1 0
0.207845 0.0721118 0.0721118 2 1 0
0.207408 0.0722079 0.0722079 2 1 0
0.206974 0.0723041 0.0723041 2 1 0
0.206544 0.0724003 0.0724003 2 1 0
0.206118 0.0724965 0.0724965 2 1 0
0.205695 0.0725927 0.0725927 2 1 0
0.205276 0.0726889 0.0726889 2 1 0
0.20486 0.0727851 0.0727851 2 1 0
0.204447 0.0728814 0.0728814 2 1 0
0.204038 0.0729776 0.0729776 2 1 0
0.203633 0.0730739 0.0730739 2 1 0
0.203231 0.0731702 0.0731702 2 1 0
0.202832 0.0732664 0.0732664 2 1 0
0.202437 0.0733627 0.0733627 2 1 0
0.202045 0.073459 0.073459 2 1 0
0.201656 0.0735553 0.0735553 2 1 0
0.201271 0.0736516 0.0736516 2 1 0
0.200889 0.0737478 0.0737478 2 1 0
0.20051 0.0738441 0.0738441 2 1 0
0.200135 0.0739404 0.0739404 2 1 0
0.199763 0.0740366 0.0740366 2 1 0
0.199394 0.0741328 0.0741328 2 1 0
0.199028 0.0742291 0.0742291 2 1 0
0.198666 0.0743253 0.0743253 2 1 0
0.198307 0.0744215 0.0744215 2 1 0
0.19795 0.0745177 0.0745177 2 1 0
0.197598 0.0746139 0.0746139 2 1 0
0.197248 0.0747101 0.0747101 2 1 0
0.196901 0.0748062 0.0748062 2 1 0
0.196557 0.0749024 0.0749024 2 1 0
0.196217 0.0749985 0.0749985 2 1 0
0.195879 0.0750946 0.0750946 2 1 0
0.195545 0.0751906 0.0751906 2 1 0
0.195213 0.0752867 0.0752867 2 1 0
0.194885 0.0753827 0.0753827 2 1 0
0.194559 0.0754787 0.0754787 2 1 0
0.194237 0.0755747 0.0755747 2 1 0
0.193917 0.0756707 0.0756707 2 1 0
0.1936 0.0757666 0.0757666 2 1 0
0.193286 0.0758626 0.0758626 2 1 0
0.192975 0.0759584 0.0759584 2 1 0
0.192667 0.0760543 0.0760543 2 1 0
0.192362 0.0761501 0.0761501 2 1 0
0.192059 0.0762459 0.0762459 2 1 0
0.191759 0.0763417 0.0763417 2 1 0
0.191462 0.0764375 0.0764375 2 1 0
0.191168 0.0765332 0.0765332 2 1 0
0.190876 0.0766289 0.0766289 2 1 0
0.190588 0.0767245 0.0767245 2 1 0
0.190301 0.0768202 0.0768202 2 1 0
0.190018 0.0769158 0.0769158 2 1 0
0.189737 0.0770113 0.0770113 2 1 0
0.189459 0.0771069 0.0771069 2 1 0
0.189183 0.0772024 0.0772024 2 1 0
0.18891 0.0772978 0.0772978 2 1 0
0.188639 0.0773933 0.0773933 2 1 0
0.188371 0.0774887 0.0774887 2 1 0
0.188106 0.077584 0.077584 2 1 0
0.187843 0.0776794 0.0776794 2 1 0
0.187583 0.0777747 0.0777747 2 1 0
0.187325 0.07787 0.07787 2 1 0
0.187069 0.0779652 0.0779652 2 1 0
0.186816 0.0780604 0.0780604 2 1 0
0.186565 0.0781556 0.0781556 2 1 0
0.186317 0.0782507 0.0782507 2 1 0
0.186071 0.0783458 0.0783458 2 1 0
0.185828 0.0784409 0.0784409 2 1 0
0.185586 0.0785359 0.0785359 2 1 0
0.185348 0.0786309 0.0786309 2 1 0
0.185111 0.0787258 0.0787258 2 1 0
0.184877 0.0788208 0.0788208 2 1 0
0.184645 0.0789157 0.0789157 2 1 0
0.184415 0.0790105 0.0790105 2 1 0
0.184187 0.0791054 0.0791054 2 1 0
0.183962 0.0792001 0.0792001 2 1 0
0.183739 0.0792949 0.0792949 2 1 0
0.183518 0.0793896 0.0793896 2 1 0
0.183299 0.0794843 0.0794843 2 1 0
0.183082 0.079579 0.079579 2 1 0
0.182868 0.0796736 0.0796736 2 1 0
0.182655 0.0797682 0.0797682 2 1 0
0.182445 0.0798627 0.0798627 2 1 0
0.182237 0.0799572 0.0799572 2 1 0
0.18203 0.0800517 0.0800517 2 1 0
0.181826 0.0801462 0.0801462 2 1 0
0.181624 0.0802406 0.0802406 2 1 0
0.181424 0.080335 0.080335 2 1 0
0.181226 0.0804294 0.0804294 2 1 0
0.18103 0.0805237 0.0805237 2 1 0
0.180836 0.080618 0.080618 2 1 0
0.180643 0.0807122 0.0807122 2 1 0
0.180453 0.0808065 0.0808065 2 1 0
0.180265 0.0809007 0.0809007 2 1 0
0.180078 0.0809949 0.0809949 2 1 0
0.179894 0.081089 0.081089 2 1 0
0.179711 0.0811831 0.0811831 2 1 0
0.17953 0.0812772 0.0812772 2 1 0
0.179351 0.0813712 0.0813712 2 1 0
0.179174 0.0814653 0.0814653 2 1 0
0.178998 0.0815593 0.0815593 2 1 0
0.178825 0.0816532 0.0816532 2 1 0
0.178653 0.0817472 0.0817472 2 1 0
0.178483 0.0818411 0.0818411 2 1 0
0.178315 0.081935 0.081935 2 1 0
0.178148 0.0820288 0.0820288 2 1 0
0.177984 0.0821227 0.0821227 2 1 0
0.177821 0.0822165 0.0822165 2 1 0
0.177659 0.0823102 0.0823102 2 1 0
0.1775 0.082404 0.082404 2 1 0
0.177342 0.0824977 0.0824977 2 1 0
0.177185 0.0825914 0.0825914 2 1 0
0.177031 0.0826851 0.0826851 2 1 0
0.176878 0.0827788 0.0827788 2 1 0
0.176726 0.0828724 0.0828724 2 1 0
0.176576 0.082966 0.082966 2 1 0
0.176428 0.0830596 0.0830596 2 1 0
0.176282 0.0831532 0.0831532 2 1 0
0.176137 0.0832467 0.0832467 2 1 0
0.175993 0.0833403 0.0833403 2 1 0
0.175851 0.0834338 0.0834338 2 1 0
0.175711 0.0835273 0.0835273 2 1 0
0.175572 0.0836207 0.0836207 2 1 0
0.175435 0.0837142 0.0837142 2 1 0
0.175299 0.0838076 0.0838076 2 1 0
0.175165 0.083901 0.083901 2 1 0
0.175032 0.0839944 0.0839944 2 1 0
0.1749 0.0840878 0.0840878 2 1 0
0.17477 0.0841812 0.0841812 2 1 0
0.174642 0.0842745 0.0842745 2 1 0
0.174515 0.0843679 0.0843679 2 1 0
0.174389 0.0844612 0.0844612 2 1 0
0.174265 0.0845545 0.0845545 2 1 0
0.174142 0.0846478 0.0846478 2 1 0
0.174021 0.0847411 0.0847411 2 1 0
0.173901 0.0848343 0.0848343 2 1 0
0.173783 0.0849276 0.0849276 2 1 0
0.173665 0.0850208 0.0850208 2 1 0
0.173549 0.0851141 0.0851141 2 1 0
0.173435 0.0852073 0.0852073 2 1 0
0.173322 0.0853005 0.0853005 2 1 0
0.17321 0.0853937 0.0853937 2 1 0
0.173099 0.0854869 0.0854869 2 1 0
0.17299 0.0855801 0.0855801 2 1 0
0.172882 0.0856733 0.0856733 2 1 0
0.172775 0.0857665 0.0857665 2 1 0
0.17267 0.0858596 0.0858596 2 1 0
0.172566 0.0859528 0.0859528 2 1 0
0.172463 0.0860459 0.0860459 2 1 0
0.172361 0.0861391 0.0861391 2 1 0
0.172261 0.0862322 0.0862322 2 1 0
0.172162 0.0863254 0.0863254 2 1 0
0.172064 0.0864185 0.0864185 2 1 0
0.171967 0.0865117 0.0865117 2 1 0
0.171872 0.0866048 0.0866048 2 1 0
0.171777 0.0866979 0.0866979 2 1 0
0.171684 0.0867911 0.0867911 2 1 0
0.171592 0.0868842 0.0868842 2 1 0
0.171502 0.0869773 0.0869773 2 1 0
0.171412 0.0870705 0.0870705 2 1 0
0.171324 0.0871636 0.0871636 2 1 0
0.171236 0.0872567 0.0872567 2 1 0
0.17115 0.0873499 0.0873499 2 1 0
0.171065 0.087443 0.087443 2 1 0
0.170981 0.0875362 0.0875362 2 1 0
0.170898 0.0876293 0.0876293 2 1 0
0.170817 0.0877225 0.0877225 2 1 0
0.170736 0.0878157 0.0878157 2 1 0
0.170657 0.0879088 0.0879088 2 1 0
0.170578 0.088002 0.088002 2 1 0
0.170501 0.0880952 0.0880952 2 1 0
0.170425 0.0881884 0.0881884 2 1 0
0.17035 0.0882816 0.0882816 2 1 0
0.170276 0.0883748 0.0883748 2 1 0
0.170203 0.0884681 0.0884681 2 1 0
0.170131 0.0885613 0.0885613 2 1 0
0.17006 0.0886545 0.0886545 2 1 0
0.16999 0.0887478 0.0887478 2 1 0
0.169921 0.0888411 0.0888411 2 1 0
0.169853 0.0889344 0.0889344 2 1 0
0.169786 0.0890277 0.0890277 2 1 0
0.16972 0.089121 0.089121 2 1 0
0.169656 0.0892143 0.0892143 2 1 0
0.169592 0.0893076 0.0893076 2 1 0
0.169529 0.089401 0.089401 2 1 0
0.169467 0.0894944 0.0894944 2 1 0
0.169406 0.0895878 0.0895878 2 1 0
0.169346 0.0896812 0.0896812 2 1 0
0.169287 0.0897746 0.0897746 2 1 0
0.169229 0.0898681 0.0898681 2 1 0
0.169172 0.0899616 0.0899616 2 1 0
0.169116 0.0900551 0.0900551 2 1 0
0.169061 0.0901486 0.0901486 2 1 0
0.169006 0.0902421 0.0902421 2 1 0
0.168953 0.0903357 0.0903357 2 1 0
0.168901 0.0904293 0.0904293 2 1 0
0.168849 0.0905229 0.0905229 2 1 0
0.168799 0.0906165 0.0906165 2 1 0
0.168749 0.0907102 0.0907102 2 1 0
0.1687 0.0908039 0.0908039 2 1 0
0.168652 0.0908976 0.0908976 2 1 0
0.168605 0.0909913 0.0909913 2 1 0
0.168559 0.0910851 0.0910851 2 1 0
0.168514 0.0911789 0.0911789 2 1 0
0.168469 0.0912727 0.0912727 2 1 0
0.168426 0.0913666 0.0913666 2 1 0
0.168383 0.0914605 0.0914605 2 1 0
0.168342 0.0915544 0.0915544 2 1 0
0.168301 0.0916483 0.0916483 2 1 0
0.168261 0.0917423 0.0917423 2 1 0
0.168221 0.0918364 0.0918364 2 1 0
0.168183 0.0919304 0.0919304 2 1 0
0.168146 0.0920245 0.0920245 2 1 0
0.168109 0.0921186 0.0921186 2 1 0
0.168073 0.0922128 0.0922128 2 1 0
0.168038 0.092307 0.092307 2 1 0
0.168004 0.0924012 0.0924012 2 1 0
0.16797 0.0924955 0.0924955 2 1 0
0.167938 0.0925898 0.0925898 2 1 0
0.167906 0.0926841 0.0926841 2 1 0
0.167875 0.0927785 0.0927785 2 1 0
0.167845 0.092873 0.092873 2 1 0
0.167815 0.0929674 0.0929674 2 1 0
0.167786 0.0930619 0.0930619 2 1 0
0.167759 0.0931565 0.0931565 2 1 0
0.167732 0.0932511 0.0932511 2 1 0
0.167705 0.0933458 0.0933458 2 1 0
0.16768 0.0934404 0.0934404 2 1 0
0.167655 0.0935352 0.0935352 2 1 0
0.167631 0.09363 0.09363 2 1 0
0.167608 0.0937248 0.0937248 2 1 0
0.167585 0.0938197 0.0938197 2 1 0
0.167564 0.0939146 0.0939146 2 1 0
0.167543 0.0940096 0.0940096 2 1 0
0.167522 0.0941046 0.0941046 2 1 0
0.167503 0.0941997 0.0941997 2 1 0
0.167484 0.0942948 0.0942948 2 1 0
0.167466 0.09439 0.09439 2 1 0
0.167449 0.0944852 0.0944852 2 1 0
0.167432 0.0945805 0.0945805 2 1 0
0.167416 0.0946758 0.0946758 2 1 0
0.167401 0.0947712 0.0947712 2 1 0
0.167387 0.0948667 0.0948667 2 1 0
0.167373 0.0949622 0.0949622 2 1 0
0.16736 0.0950577 0.0950577 2 1 0
0.167348 0.0951534 0.0951534 2 1 0
0.167336 0.095249 0.095249 2 1 0
0.167326 0.0953448 0.0953448 2 1 0
0.167315 0.0954406 0.0954406 2 1 0
0.167306 0.0955364 0.0955364 2 1 0
0.167297 0.0956323 0.0956323 2 1 0
0.167289 0.0957283 0.0957283 2 1 0
0.167282 0.0958244 0.0958244 2 1 0
0.167275 0.0959205 0.0959205 2 1 0
0.167269 0.0960166 0.0960166 2 1 0
0.167264 0.0961129 0.0961129 2 1 0
0.167259 0.0962092 0.0962092 2 1 0
0.167255 0.0963056 0.0963056 2 1 0
0.167252 0.096402 0.096402 2 1 0
0.167249 0.0964985 0.0964985 2 1 0
0.167247 0.0965951 0.0965951 2 1 0
0.167246 0.0966917 0.0966917 2 1 0
0.167245 0.0967884 0.0967884 2 1 0
0.167245 0.0968382 0.0968382 2 1 0
0.167245 0.096935 0.096935 2 1 0
0.167246 0.0970319 0.0970319 2 1 0
0.167248 0.0971289 0.0971289 2 1 0
0.16725 0.0972259 0.0972259 2 1 0
0.167253 0.097323 0.097323 2 1 0
0.167257 0.0974202 0.0974202 2 1 0
0.167261 0.0975175 0.0975175 2 1 0
0.167266 0.0976148 0.0976148 2 1 0
0.167271 0.0977122 0.0977122 2 1 0
0.167277 0.0978097 0.0978097 2 1 0
0.167284 0.0979073 0.0979073 2 1 0
0.167292 0.0980049 0.0980049 2 1 0
0.1673 0.0981027 0.0981027 2 1 0
0.167308 0.0982005 0.0982005 2 1 0
0.167317 0.0982984 0.0982984 2 1 0
0.167327 0.0983964 0.0983964 2 1 0
0.167338 0.0984944 0.0984944 2 1 0
0.167349 0.0985926 0.0985926 2 1 0
0.167361 0.0986908 0.0986908 2 1 0
0.167373 0.0987891 0.0987891 2 1 0
0.167386 0.0988875 0.0988875 2 1 0
0.1674 0.098986 0.098986 2 1 0
0.167414 0.0990846 0.0990846 2 1 0
0.167429 0.0991833 0.0991833 2 1 0
0.167444 0.099282 0.099282 2 1 0
0.16746 0.0993809 0.0993809 2 1 0
0.167477 0.0994798 0.0994798 2 1 0
0.167494 0.0995788 0.0995788 2 1 0
0.167511 0.099678 0.099678 2 1 0
0.16753 0.0997772 0.0997772 2 1 0
0.167549 0.0998765 0.0998765 2 1 0
0.167568 0.0999759 0.0999759 2 1 0
0.167589 0.100075 0.100075 2 1 0
0.167609 0.100175 0.100175 2 1 0
0.167631 0.100275 0.100275 2 1 0
0.167653 0.100375 0.100375 2 1 0
0.167675 0.100474 0.100474 2 1 0
0.167698 0.100574 0.100574 2 1 0
0.167722 0.100675 0.100675 2 1 0
0.167746 0.100775 0.100775 2 1 0
0.167771 0.100875 0.100875 2 1 0
0.167796 0.100975 0.100975 2 1 0
0.167822 0.101076 0.101076 2 1 0
0.167849 0.101177 0.101177 2 1 0
0.167876 0.101277 0.101277 2 1 0
0.167904 0.101378 0.101378 2 1 0
0.167932 0.101479 0.101479 2 1 0
0.167961 0.10158 0.10158 2 1 0
0.16799 0.101681 0.101681 2 1 0
0.16802 0.101783 0.101783 2 1 0
0.168051 0.101884 0.101884 2 1 0
0.168082 0.101986 0.101986 2 1 0
0.168114 0.102087 0.102087 2 1 0
0.168146 0.102189 0.102189 2 1 0
0.168179 0.102291 0.102291 2 1 0
0.168212 0.102393 0.102393 2 1 0
0.168246 0.102495 0.102495 2 1 0
0.16828 0.102597 0.102597 2 1 0
0.168315 0.102699 0.102699 2 1 0
0.168351 0.102802 0.102802 2 1 0
0.168387 0.102904 0.102904 2 1 0
0.168424 0.103007 0.103007 2 1 0
0.168461 0.10311 0.10311 2 1 0
0.168499 0.103213 0.103213 2 1 0
0.168537 0.103316 0.103316 2 1 0
0.168576 0.103419 0.103419 2 1 0
0.168616 0.103522 0.103522 2 1 0
0.168656 0.103626 0.103626 2 1 0
0.168696 0.103729 0.103729 2 1 0
0.168737 0.103833 0.103833 2 1 0
0.168779 0.103937 0.103937 2 1 0
0.168821 0.104041 0.104041 2 1 0
0.168864 0.104145 0.104145 2 1 0
0.168907 0.104249 0.104249 2 1 0
0.168951 0.104354 0.104354 2 1 0
0.168996 0.104458 0.104458 2 1 0
0.169041 0.104563 0.104563 2 1 0
0.169086 0.104668 0.104668 2 1 0
0.169132 0.104772 0.104772 2 1 0
0.169179 0.104878 0.104878 2 1 0
0.169226 0.104983 0.104983 2 1 0
0.169273 0.105088 0.105088 2 1 0
0.169322 0.105194 0.105194 2 1 0
0.16937 0.105299 0.105299 2 1 0
0.16942 0.105405 0.105405 2 1 0
0.16947 0.105511 0.105511 2 1 0
0.16952 0.105617 0.105617 2 1 0
0.169571 0.105723 0.105723 2 1 0
0.169622 0.10583 0.10583 2 1 0
0.169674 0.105936 0.105936 2 1 0
0.169727 0.106043 0.106043 2 1 0
0.16978 0.10615 0.10615 2 1 0
0.169833 0.106257 0.106257 2 1 0
0.169888 0.106364 0.106364 2 1 0
0.169942 0.106471 0.106471 2 1 0
0.169997 0.106578 0.106578 2 1 0
0.170053 0.106686 0.106686 2 1 0
0.17011 0.106794 0.106794 2 1 0
0.170166 0.106902 0.106902 2 1 0
0.170224 0.10701 0.10701 2 1 0
0.170282 0.107118 0.107118 2 1 0
0.17034 0.107226 0.107226 2 1 0
0.170399 0.107335 0.107335 2 1 0
0.170459 0.107444 0.107444 2 1 0
0.170519 0.107553 0.107553 2 1 0
0.170579 0.107662 0.107662 2 1 0
0.17064 0.107771 0.107771 2 1 0
0.170702 0.10788 0.10788 2 1 0
0.170764 0.10799 0.10799 2 1 0
0.170827 0.1081 0.1081 2 1 0
0.17089 0.10821 0.10821 2 1 0
0.170954 0.10832 0.10832 2 1 0
0.171019 0.10843 0.10843 2 1 0
0.171084 0.108541 0.108541 2 1 0
0.171149 0.108651 0.108651 2 1 0
0.171215 0.108762 0.108762 2 1 0
0.171282 0.108873 0.108873 2 1 0
0.171349 0.108984 0.108984 2 1 0
0.171416 0.109096 0.109096 2 1 0
0.171485 0.109207 0.109207 2 1 0
0.171553 0.109319 0.109319 2 1 0
0.171623 0.109431 0.109431 2 1 0
0.171692 0.109543 0.109543 2 1 0
0.171763 0.109655 0.109655 2 1 0
0.171834 0.109768 0.109768 2 1 0
0.171905 0.109881 0.109881 2 1 0
0.171977 0.109993 0.109993 2 1 0
0.172049 0.110107 0.110107 2 1 0
0.172123 0.11022 0.11022 2 1 0
0.172196 0.110333 0.110333 2 1 0
0.17227 0.110447 0.110447 2 1 0
0.172345 0.110561 0.110561 2 1 0
0.17242 0.110675 0.110675 2 1 0
0.172496 0.110789 0.110789 2 1 0
0.172573 0.110904 0.110904 2 1 0
0.172649 0.111019 0.111019 2 1 0
0.172727 0.111134 0.111134 2 1 0
0.172805 0.111249 0.111249 2 1 0
0.172884 0.111364 0.111364 2 1 0
0.172963 0.11148 0.11148 2 1 0
0.173042 0.111595 0.111595 2 1 0
0.173123 0.111711 0.111711 2 1 0
0.173203 0.111828 0.111828 2 1 0
0.173285 0.111944 0.111944 2 1 0
0.173367 0.112061 0.112061 2 1 0
0.173449 0.112178 0.112178 2 1 0
0.173532 0.112295 0.112295 2 1 0
0.173616 0.112412 0.112412 2 1 0
0.1737 0.11253 0.11253 2 1 0
0.173785 0.112647 0.112647 2 1 0
0.17387 0.112765 0.112765 2 1 0
0.173956 0.112884 0.112884 2 1 0
0.174042 0.113002 0.113002 2 1 0
0.174129 0.113121 0.113121 2 1 0
0.174217 0.11324 0.11324 2 1 0
0.174305 0.113359 0.113359 2 1 0
0.174394 0.113478 0.113478 2 1 0
0.174483 0.113598 0.113598 2 1 0
0.174573 0.113718 0.113718 2 1 0
0.174663 0.113838 0.113838 2 1 0
0.174754 0.113958 0.113958 2 1 0
0.174846 0.114079 0.114079 2 1 0
0.174938 0.1142 0.1142 2 1 0
0.175031 0.114321 0.114321 2 1 0
0.175124 0.114442 0.114442 2 1 0
0.175218 0.114564 0.114564 2 1 0
0.175313 0.114686 0.114686 2 1 0
0.175408 0.114808 0.114808 2 1 0
0.175503 0.114931 0.114931 2 1 0
0.1756 0.115053 0.115053 2 1 0
0.175697 0.115176 0.115176 2 1 0
0.175794 0.115299 0.115299 2 1 0
0.175892 0.115423 0.115423 2 1 0
0.175991 0.115547 0.115547 2 1 0
0.17609 0.115671 0.115671 2 1 0
0.17619 0.115795 0.115795 2 1 0
0.17629 0.11592 0.11592 2 1 0
0.176392 0.116044 0.116044 2 1 0
0.176493 0.11617 0.11617 2 1 0
0.176596 0.116295 0.116295 2 1 0
0.176698 0.116421 0.116421 2 1 0
0.176802 0.116547 0.116547 2 1 0
0.176906 0.116673 0.116673 2 1 0
0.177011 0.116799 0.116799 2 1 0
0.177036 0.116829 0.116829 2 1 0
0.177141 0.116956 0.116956 1 1 0
0.177247 0.117083 0.117083 1 1 0
0.177354 0.117211 0.117211 1 1 0
0.177462 0.117339 0.117339 1 1 0
0.17757 0.117467 0.117467 1 1 0
0.177678 0.117595 0.117595 1 1 0
0.177787 0.117724 0.117724 1 1 0
0.177897 0.117853 0.117853 1 1 0
0.178008 0.117982 0.117982 1 1 0
0.178119 0.118112 0.118112 1 1 0
0.178231 0.118242 0.118242 1 1 0
0.178343 0.118372 0.118372 1 1 0
0.178456 0.118502 0.118502 1 1 0
0.17857 0.118633 0.118633 1 1 0
0.178685 0.118764 0.118764 1 1 0
0.1788 0.118896 0.118896 1 1 0
0.178915 0.119028 0.119028 1 1 0
0.179032 0.11916 0.11916 1 1 0
0.179149 0.119292 0.119292 1 1 0
0.179267 0.119425 0.119425 1 1 0
0.179385 0.119558 0.119558 1 1 0
0.179504 0.119692 0.119692 1 1 0
0.179624 0.119826 0.119826 1 1 0
0.179744 0.11996 0.11996 1 1 0
0.179865 0.120094 0.120094 1 1 0
0.179987 0.120229 0.120229 1 1 0
0.180109 0.120364 0.120364 1 1 0
0.180232 0.1205 0.1205 1 1 0
0.180356 0.120636 0.120636 1 1 0
0.180481 0.120772 0.120772 1 1 0
0.180606 0.120908 0.120908 1 1 0
0.180732 0.121045 0.121045 1 1 0
0.180858 0.121183 0.121183 1 1 0
0.180986 0.12132 0.12132 1 1 0
0.181114 0.121458 0.121458 1 1 0
0.181242 0.121597 0.121597 1 1 0
0.181372 0.121736 0.121736 1 1 0
0.181502 0.121875 0.121875 1 1 0
0.181633 0.122014 0.122014 1 1 0
0.181764 0.122154 0.122154 1 1 0
0.181897 0.122295 0.122295 1 1 0
0.18203 0.122435 0.122435 1 1 0
0.182164 0.122576 0.122576 1 1 0
0.182298 0.122718 0.122718 1 1 0
0.182433 0.12286 0.12286 1 1 0
0.182569 0.123002 0.123002 1 1 0
0.182706 0.123145 0.123145 1 1 0
0.182844 0.123288 0.123288 1 1 0
0.182982 0.123431 0.123431 1 1 0
0.183121 0.123575 0.123575 1 1 0
0.183261 0.123719 0.123719 1 1 0
0.183401 0.123864 0.123864 1 1 0
0.183543 0.124009 0.124009 1 1 0
0.183685 0.124155 0.124155 1 1 0
0.183828 0.124301 0.124301 1 1 0
0.183971 0.124447 0.124447 1 1 0
0.184116 0.124594 0.124594 1 1 0
0.184261 0.124741 0.124741 1 1 0
0.184407 0.124889 0.124889 1 1 0
0.184554 0.125037 0.125037 1 1 0
0.184702 0.125186 0.125186 1 1 0
0.18485 0.125335 0.125335 1 1 0
0.184999 0.125484 0.125484 1 1 0
0.185149 0.125634 0.125634 1 1 0
0.1853 0.125785 0.125785 1 1 0
0.185452 0.125935 0.125935 1 1 0
0.185605 0.126087 0.126087 1 1 0
0.185758 0.126239 0.126239 1 1 0
0.185912 0.126391 0.126391 1 1 0
0.186068 0.126543 0.126543 1 1 0
0.186224 0.126697 0.126697 1 1 0
0.18638 0.12685 0.12685 1 1 0
0.186538 0.127005 0.127005 1 1 0
0.186697 0.127159 0.127159 1 1 0
0.186856 0.127314 0.127314 1 1 0
0.187016 0.12747 0.12747 1 1 0
0.187178 0.127626 0.127626 1 1 0
0.18734 0.127783 0.127783 1 1 0
0.187503 0.12794 0.12794 1 1 0
0.187667 0.128097 0.128097 1 1 0
0.187831 0.128256 0.128256 1 1 0
0.187997 0.128414 0.128414 1 1 0
0.188164 0.128574 0.128574 1 1 0
0.188331 0.128733 0.128733 1 1 0
0.1885 0.128893 0.128893 1 1 0
0.188669 0.129054 0.129054 1 1 0
0.188839 0.129216 0.129216 1 1 0
0.189011 0.129377 0.129377 1 1 0
0.189183 0.12954 0.12954 1 1 0
0.189356 0.129703 0.129703 1 1 0
0.18953 0.129866 0.129866 1 1 0
0.189705 0.13003 0.13003 1 1 0
0.189881 0.130195 0.130195 1 1 0
0.190058 0.13036 0.13036 1 1 0
0.190236 0.130526 0.130526 1 1 0
0.190416 0.130692 0.130692 1 1 0
0.190596 0.130859 0.130859 1 1 0
0.190777 0.131027 0.131027 1 1 0
0.190959 0.131195 0.131195 1 1 0
0.191142 0.131364 0.131364 1 1 0
0.191326 0.131533 0.131533 1 1 0
0.191511 0.131703 0.131703 1 1 0
0.191697 0.131873 0.131873 1 1 0
0.191885 0.132044 0.132044 1 1 0
0.192073 0.132216 0.132216 1 1 0
0.192262 0.132388 0.132388 1 1 0
0.192453 0.132561 0.132561 1 1 0
0.192644 0.132735 0.132735 1 1 0
0.192837 0.132909 0.132909 1 1 0
0.193031 0.133084 0.133084 1 1 0
0.193226 0.13326 0.13326 1 1 0
0.193422 0.133436 0.133436 1 1 0
0.193619 0.133613 0.133613 1 1 0
0.193817 0.13379 0.13379 1 1 0
0.194016 0.133968 0.133968 1 1 0
0.194217 0.134147 0.134147 1 1 0
0.194418 0.134326 0.134326 1 1 0
0.194621 0.134507 0.134507 1 1 0
0.194825 0.134688 0.134688 1 1 0
0.19503 0.134869 0.134869 1 1 0
0.195236 0.135051 0.135051 1 1 0
0.195444 0.135234 0.135234 1 1 0
0.195653 0.135418 0.135418 1 1 0
0.195862 0.135602 0.135602 1 1 0
0.196074 0.135788 0.135788 1 1 0
0.196286 0.135973 0.135973 1 1 0
0.1965 0.13616 0.13616 1 1 0
0.196714 0.136347 0.136347 1 1 0
0.196931 0.136535 0.136535 1 1 0
0.197148 0.136724 0.136724 1 1 0
0.197367 0.136914 0.136914 1 1 0
0.197587 0.137104 0.137104 1 1 0
0.197808 0.137295 0.137295 1 1 0
0.19803 0.137487 0.137487 1 1 0
0.198254 0.13768 0.13768 1 1 0
0.198479 0.137873 0.137873 1 1 0
0.198706 0.138067 0.138067 1 1 0
0.198934 0.138262 0.138262 1 1 0
0.199163 0.138458 0.138458 1 1 0
0.199394 0.138655 0.138655 1 1 0
0.199626 0.138852 0.138852 1 1 0
0.199859 0.13905 0.13905 1 1 0
0.200094 0.13925 0.13925 1 1 0
0.20033 0.139449 0.139449 1 1 0
0.200568 0.13965 0.13965 1 1 0
0.200807 0.139852 0.139852 1 1 0
0.201047 0.140054 0.140054 1 1 0
0.201289 0.140258 0.140258 1 1 0
0.201533 0.140462 0.140462 1 1 0
0.201778 0.140667 0.140667 1 1 0
0.202024 0.140873 0.140873 1 1 0
0.202272 0.14108 0.14108 1 1 0
0.202522 0.141288 0.141288 1 1 0
0.202772 0.141497 0.141497 1 1 0
0.203025 0.141706 0.141706 1 1 0
0.203279 0.141917 0.141917 1 1 0
0.203535 0.142128 0.142128 1 1 0
0.203792 0.142341 0.142341 1 1 0
0.204051 0.142554 0.142554 1 1 0
0.204311 0.142768 0.142768 1 1 0
0.204573 0.142984 0.142984 1 1 0
0.204837 0.1432 0.1432 1 1 0
0.205102 0.143417 0.143417 1 1 0
0.205369 0.143635 0.143635 1 1 0
0.205638 0.143855 0.143855 1 1 0
0.205909 0.144075 0.144075 1 1 0
0.206181 0.144296 0.144296 1 1 0
0.206454 0.144518 0.144518 1 1 0
0.20673 0.144742 0.144742 1 1 0
0.207007 0.144966 0.144966 1 1 0
0.207286 0.145191 0.145191 1 1 0
0.207567 0.145418 0.145418 1 1 0
0.20785 0.145645 0.145645 1 1 0
0.208134 0.145874 0.145874 1 1 0
0.208421 0.146103 0.146103 1 1 0
0.208709 0.146334 0.146334 1 1 0
0.208999 0.146566 0.146566 1 1 0
0.20929 0.146799 0.146799 1 1 0
0.209584 0.147033 0.147033 1 1 0
0.20988 0.147268 0.147268 1 1 0
0.210177 0.147504 0.147504 1 1 0
0.210477 0.147741 0.147741 1 1 0
0.210778 0.14798 0.14798 1 1 0
0.211082 0.148219 0.148219 1 1 0
0.211387 0.14846 0.14846 1 1 0
0.211695 0.148702 0.148702 1 1 0
0.212004 0.148945 0.148945 1 1 0
0.212315 0.14919 0.14919 1 1 0
0.212629 0.149435 0.149435 1 1 0
0.212945 0.149682 0.149682 1 1 0
0.213262 0.14993 0.14993 1 1 0
0.213582 0.150179 0.150179 1 1 0
0.213904 0.15043 0.15043 1 1 0
0.214228 0.150681 0.150681 1 1 0
0.214554 0.150934 0.150934 1 1 0
0.214883 0.151188 0.151188 1 1 0
0.215213 0.151444 0.151444 1 1 0
0.215546 0.151701 0.151701 1 1 0
0.215881 0.151959 0.151959 1 1 0
0.216218 0.152218 0.152218 1 1 0
0.216558 0.152479 0.152479 1 1 0
0.2169 0.152741 0.152741 1 1 0
0.217244 0.153004 0.153004 1 1 0
0.21759 0.153269 0.153269 1 1 0
0.217939 0.153535 0.153535 1 1 0
0.21829 0.153802 0.153802 1 1 0
0.218644 0.154071 0.154071 1 1 0
0.219 0.154341 0.154341 1 1 0
0.219359 0.154612 0.154612 1 1 0
0.219719 0.154885 0.154885 1 1 0
0.220083 0.155159 0.155159 1 1 0
0.220449 0.155435 0.155435 1 1 0
0.220817 0.155712 0.155712 1 1 0
0.221188 0.155991 0.155991 1 1 0
0.221561 0.156271 0.156271 1 1 0
0.221937 0.156552 0.156552 1 1 0
0.222316 0.156835 0.156835 1 1 0
0.222697 0.157119 0.157119 1 1 0
0.223081 0.157405 0.157405 1 1 0
0.223467 0.157693 0.157693 1 1 0
0.223857 0.157981 0.157981 1 1 0
0.224248 0.158272 0.158272 1 1 0
0.224643 0.158564 0.158564 1 1 0
0.22504 0.158857 0.158857 1 1 0
0.22544 0.159152 0.159152 1 1 0
0.225843 0.159448 0.159448 1 1 0
0.226249 0.159746 0.159746 1 1 0
0.226657 0.160046 0.160046 1 1 0
0.227068 0.160347 0.160347 1 1 0
0.227483 0.160649 0.160649 1 1 0
0.2279 0.160954 0.160954 1 1 0
0.228319 0.161259 0.161259 1 1 0
0.228742 0.161567 0.161567 1 1 0
0.229168 0.161876 0.161876 1 1 0
0.229597 0.162186 0.162186 1 1 0
0.230028 0.162499 0.162499 1 1 0
0.230463 0.162812 0.162812 1 1 0
0.230901 0.163128 0.163128 1 1 0
0.231341 0.163445 0.163445 1 1 0
0.231785 0.163764 0.163764 1 1 0
0.232232 0.164084 0.164084 1 1 0
0.232682 0.164406 0.164406 1 1 0
0.233135 0.16473 0.16473 1 1 0
0.233591 0.165055 0.165055 1 1 0
0.234051 0.165382 0.165382 1 1 0
0.234513 0.165711 0.165711 1 1 0
0.234979 0.166041 0.166041 1 1 0
0.235448 0.166373 0.166373 1 1 0
0.23592 0.166707 0.166707 1 1 0
0.236395 0.167042 0.167042 1 1 0
0.236874 0.167379 0.167379 1 1 0
0.237356 0.167718 0.167718 1 1 0
0.237841 0.168058 0.168058 1 1 0
0.238329 0.168401 0.168401 1 1 0
0.238821 0.168744 0.168744 1 1 0
0.239316 0.16909 0.16909 1 1 0
0.239814 0.169437 0.169437 1 1 0
0.240316 0.169786 0.169786 1 1 0
0.240821 0.170137 0.170137 1 1 0
0.24133 0.170489 0.170489 1 1 0
0.241842 0.170843 0.170843 1 1 0
0.242357 0.171199 0.171199 1 1 0
0.242876 0.171556 0.171556 1 1 0
0.243398 0.171915 0.171915 1 1 0
0.243924 0.172276 0.172276 1 1 0
0.244453 0.172639 0.172639 1 1 0
0.244985 0.173003 0.173003 1 1 0
0.245521 0.173369 0.173369 1 1 0
0.246061 0.173736 0.173736 1 1 0
0.246604 0.174106 0.174106 1 1 0
0.24715 0.174477 0.174477 1 1 0
0.2477 0.174849 0.174849 1 1 0
0.248254 0.175223 0.175223 1 1 0
0.248811 0.175599 0.175599 1 1 0
0.249371 0.175977 0.175977 1 1 0
0.249935 0.176356 0.176356 1 1 0
0.250503 0.176737 0.176737 1 1 0
0.251074 0.177119 0.177119 1 1 0
0.251649 0.177503 0.177503 1 1 0
0.252227 0.177889 0.177889 1 1 0
0.252808 0.178276 0.178276 1 1 0
0.253394 0.178665 0.178665 1 1 0
0.253982 0.179055 0.179055 1 1 0
0.254574 0.179447 0.179447 1 1 0
0.25517 0.17984 0.17984 1 1 0
0.255769 0.180235 0.180235 1 1 0
0.256372 0.180632 0.180632 1 1 0
0.256979 0.18103 0.18103 1 1 0
0.257588 0.181429 0.181429 1 1 0
0.258202 0.18183 0.18183 1 1 0
0.258818 0.182233 0.182233 1 1 0
0.259438 0.182636 0.182636 1 1 0
0.260062 0.183042 0.183042 1 1 0
0.260689 0.183448 0.183448 1 1 0
0.26132 0.183856 0.183856 1 1 0
0.261954 0.184266 0.184266 1 1 0
0.262591 0.184677 0.184677 1 1 0
0.263232 0.185089 0.185089 1 1 0
0.263876 0.185502 0.185502 1 1 0
0.264524 0.185917 0.185917 1 1 0
0.265175 0.186333 0.186333 1 1 0
0.265829 0.186751 0.186751 1 1 0
0.266487 0.187169 0.187169 1 1 0
0.267148 0.187589 0.187589 1 1 0
0.267812 0.18801 0.18801 1 1 0
0.26848 0.188432 0.188432 1 1 0
0.269151 0.188856 0.188856 1 1 0
0.269825 0.18928 0.18928 1 1 0
0.270502 0.189706 0.189706 1 1 0
0.271183 0.190133 0.190133 1 1 0
0.271866 0.19056 0.19056 1 1 0
0.272553 0.190989 0.190989 1 1 0
0.273243 0.191419 0.191419 1 1 0
0.273936 0.19185 0.19185 1 1 0
0.274633 0.192282 0.192282 1 1 0
0.275332 0.192714 0.192714 1 1 0
0.276034 0.193148 0.193148 1 1 0
0.276739 0.193583 0.193583 1 1 0
0.277448 0.194018 0.194018 1 1 0
0.278159 0.194455 0.194455 1 1 0
0.278873 0.194892 0.194892 1 1 0
0.27959 0.19533 0.19533 1 1 0
0.28031 0.195769 0.195769 1 1 0
0.281033 0.196208 0.196208 1 1 0
0.281759 0.196648 0.196648 1 1 0
0.282487 0.197089 0.197089 1 1 0
0.283219 0.197531 0.197531 1 1 0
0.283953 0.197973 0.197973 1 1 0
0.284689 0.198416 0.198416 1 1 0
0.285429 0.19886 0.19886 1 1 0
0.286171 0.199304 0.199304 1 1 0
0.286915 0.199748 0.199748 1 1 0
0.287663 0.200194 0.200194 1 1 0
0.288413 0.200639 0.200639 1 1 0
0.289165 0.201086 0.201086 1 1 0
0.28992 0.201532 0.201532 1 1 0
0.290677 0.201979 0.201979 1 1 0
0.291437 0.202427 0.202427 1 1 0
0.2922 0.202875 0.202875 1 1 0
0.292964 0.203323 0.203323 1 1 0
0.293731 0.203772 0.203772 1 1 0
0.294501 0.204221 0.204221 1 1 0
0.295272 0.20467 0.20467 1 1 0
0.296046 0.20512 0.20512 1 1 0
0.296823 0.205569 0.205569 1 1 0
0.297601 0.20602 0.20602 1 1 0
0.298382 0.20647 0.20647 1 1 0
0.299165 0.20692 0.20692 1 1 0
0.29995 0.207371 0.207371 1 1 0
0.300737 0.207822 0.207822 1 1 0
0.301526 0.208272 0.208272 1 1 0
0.302317 0.208723 0.208723 1 1 0
0.303111 0.209175 0.209175 1 1 0
0.303906 0.209626 0.209626 1 1 0
0.304703 0.210077 0.210077 1 1 0
0.305502 0.210528 0.210528 1 1 0
0.306303 0.210979 0.210979 1 1 0
0.307106 0.211431 0.211431 1 1 0
0.307911 0.211882 0.211882 1 1 0
0.308718 0.212333 0.212333 1 1 0
0.309527 0.212784 0.212784 1 1 0
0.310337 0.213235 0.213235 1 1 0
0.311149 0.213686 0.213686 1 1 0
0.311963 0.214137 0.214137 1 1 0
0.312778 0.214587 0.214587 1 1 0
0.313596 0.215038 0.215038 1 1 0
0.314415 0.215488 0.215488 1 1 0
0.315235 0.215938 0.215938 1 1 0
0.316057 0.216388 0.216388 1 1 0
0.316881 0.216838 0.216838 1 1 0
0.317706 0.217287 0.217287 1 1 0
0.318533 0.217737 0.217737 1 1 0
0.319362 0.218186 0.218186 1 1 0
0.320192 0.218634 0.218634 1 1 0
0.321023 0.219083 0.219083 1 1 0
0.321856 0.219531 0.219531 1 1 0
0.322691 0.219979 0.219979 1 1 0
0.323526 0.220426 0.220426 1 1 0
0.324364 0.220873 0.220873 1 1 0
0.325202 0.22132 0.22132 1 1 0
0.326042 0.221767 0.221767 1 1 0
0.326883 0.222213 0.222213 1 1 0
0.327726 0.222659 0.222659 1 1 0
0.32857 0.223104 0.223104 1 1 0
0.329415 0.223549 0.223549 1 1 0
0.330262 0.223993 0.223993 1 1 0
0.331109 0.224437 0.224437 1 1 0
0.331958 0.224881 0.224881 1 1 0
0.332809 0.225324 0.225324 1 1 0
0.33366 0.225767 0.225767 1 1 0
0.334513 0.226209 0.226209 1 1 0
0.335367 0.226651 0.226651 1 1 0
0.336221 0.227092 0.227092 1 1 0
0.337078 0.227533 0.227533 1 1 0
0.337935 0.227973 0.227973 1 1 0
0.338793 0.228413 0.228413 1 1 0
0.339652 0.228852 0.228852 1 1 0
0.340513 0.229291 0.229291 1 1 0
0.341374 0.229729 0.229729 1 1 0
0.342237 0.230167 0.230167 1 1 0
0.343101 0.230604 0.230604 1 1 0
0.343965 0.23104 0.23104 1 1 0
0.344831 0.231476 0.231476 1 1 0
0.345697 0.231912 0.231912 1 1 0
0.346565 0.232347 0.232347 1 1 0
0.347434 0.232781 0.232781 1 1 0
0.348303 0.233215 0.233215 1 1 0
0.349174 0.233648 0.233648 1 1 0
0.350045 0.23408 0.23408 1 1 0
0.350917 0.234512 0.234512 1 1 0
0.351791 0.234943 0.234943 1 1 0
0.352665 0.235374 0.235374 1 1 0
0.35354 0.235804 0.235804 1 1 0
0.354416 0.236234 0.236234 1 1 0
0.355292 0.236662 0.236662 1 1 0
0.35617 0.237091 0.237091 1 1 0
0.357048 0.237518 0.237518 1 1 0
0.357928 0.237945 0.237945 1 1 0
0.358808 0.238371 0.238371 1 1 0
0.359688 0.238797 0.238797 1 1 0
0.36057 0.239222 0.239222 1 1 0
0.361453 0.239646 0.239646 1 1 0
0.362336 0.24007 0.24007 1 1 0
0.36322 0.240493 0.240493 1 1 0
0.364105 0.240915 0.240915 1 1 0
0.36499 0.241336 0.241336 1 1 0
0.365876 0.241757 0.241757 1 1 0
0.366763 0.242178 0.242178 1 1 0
0.367651 0.242597 0.242597 1 1 0
0.36854 0.243016 0.243016 1 1 0
0.369429 0.243434 0.243434 1 1 0
0.370319 0.243852 0.243852 1 1 0
0.371209 0.244269 0.244269 1 1 0
0.3721 0.244685 0.244685 1 1 0
0.372992 0.2451 0.2451 1 1 0
0.373885 0.245515 0.245515 1 1 0
0.374778 0.245929 0.245929 1 1 0
0.375672 0.246343 0.246343 1 1 0
0.376567 0.246755 0.246755 1 1 0
0.377462 0.247167 0.247167 1 1 0
0.378358 0.247578 0.247578 1 1 0
0.379254 0.247989 0.247989 1 1 0
0.380151 0.248399 0.248399 1 1 0
0.381049 0.248808 0.248808 1 1 0
0.381947 0.249216 0.249216 1 1 0
0.382846 0.249624 0.249624 1 1 0
0.383745 0.250031 0.250031 1 1 0
0.384645 0.250438 0.250438 1 1 0
0.385546 0.250843 0.250843 1 1 0
0.386447 0.251248 0.251248 1 1 0
0.387349 0.251652 0.251652 1 1 0
0.388251 0.252056 0.252056 1 1 0
0.389154 0.252458 0.252458 1 1 0
0.390058 0.25286 0.25286 1 1 0
0.390962 0.253262 0.253262 1 1 0
0.391866 0.253662 0.253662 1 1 0
0.392771 0.254062 0.254062 1 1 0
0.393677 0.254461 0.254461 1 1 0
0.394583 0.25486 0.25486 1 1 0
0.39549 0.255257 0.255257 1 1 0
0.396397 0.255654 0.255654 1 1 0
0.397305 0.256051 0.256051 1 1 0
0.398213 0.256446 0.256446 1 1 0
0.399122 0.256841 0.256841 1 1 0
0.400031 0.257235 0.257235 1 1 0
0.400941 0.257628 0.257628 1 1 0
0.401851 0.258021 0.258021 1 1 0
0.402761 0.258413 0.258413 1 1 0
0.403673 0.258804 0.258804 1 1 0
0.404584 0.259195 0.259195 1 1 0
0.405496 0.259585 0.259585 1 1 0
0.406409 0.259974 0.259974 1 1 0
0.407322 0.260362 0.260362 1 1 0
0.408235 0.26075 0.26075 1 1 0
0.409149 0.261137 0.261137 1 1 0
0.410064 0.261523 0.261523 1 1 0
0.410978 0.261908 0.261908 1 1 0
0.411894 0.262293 0.262293 1 1 0
0.412809 0.262677 0.262677 1 1 0
0.413725 0.263061 0.263061 1 1 0
0.414642 0.263443 0.263443 1 1 0
0.415559 0.263825 0.263825 1 1 0
0.416476 0.264207 0.264207 1 1 0
0.417394 0.264587 0.264587 1 1 0
0.418312 0.264967 0.264967 1 1 0
0.419231 0.265346 0.265346 1 1 0
0.42015 0.265724 0.265724 1 1 0
0.42107 0.266102 0.266102 1 1 0
0.42199 0.266479 0.266479 1 1 0
0.42291 0.266855 0.266855 1 1 0
0.42383 0.267231 0.267231 1 1 0
0.424752 0.267606 0.267606 1 1 0
0.425673 0.26798 0.26798 1 1 0
0.426595 0.268353 0.268353 1 1 0
0.427517 0.268726 0.268726 1 1 0
0.42844 0.269098 0.269098 1 1 0
0.429363 0.26947 0.26947 1 1 0
0.430286 0.26984 0.26984 1 1 0
0.43121 0.27021 0.27021 1 1 0
0.432134 0.27058 0.27058 1 1 0
0.433058 0.270948 0.270948 1 1 0
0.433983 0.271316 0.271316 1 1 0
0.434908 0.271683 0.271683 1 1 0
0.435834 0.27205 0.27205 1 1 0
0.43676 0.272416 0.272416 1 1 0
0.437686 0.272781 0.272781 1 1 0
0.438612 0.273145 0.273145 1 1 0
0.439539 0.273509 0.273509 1 1 0
0.440467 0.273872 0.273872 1 1 0
0.441394 0.274235 0.274235 1 1 0
0.442322 0.274596 0.274596 1 1 0
0.44325 0.274957 0.274957 1 1 0
0.444179 0.275318 0.275318 1 1 0
0.445108 0.275677 0.275677 1 1 0
0.446037 0.276036 0.276036 1 1 0
0.446967 0.276395 0.276395 1 1 0
0.447897 0.276752 0.276752 1 1 0
0.448827 0.277109 0.277109 1 1 0
0.449758 0.277466 0.277466 1 1 0
0.450688 0.277821 0.277821 1 1 0
0.45162 0.278177 0.278177 1 1 0
0.452551 0.278531 0.278531 1 1 0
0.453483 0.278885 0.278885 1 1 0
0.454415 0.279238 0.279238 1 1 0
0.455348 0.27959 0.27959 1 1 0
0.45628 0.279942 0.279942 1 1 0
0.457213 0.280293 0.280293 1 1 0
0.458147 0.280643 0.280643 1 1 0
0.45908 0.280993 0.280993 1 1 0
0.460014 0.281342 0.281342 1 1 0
0.460948 0.28169 0.28169 1 1 0
0.461883 0.282038 0.282038 1 1 0
0.462818 0.282385 0.282385 1 1 0
0.463753 0.282732 0.282732 1 1 0
0.464688 0.283077 0.283077 1 1 0
0.465624 0.283423 0.283423 1 1 0
0.46656 0.283767 0.283767 1 1 0
0.467496 0.284111 0.284111 1 1 0
0.468433 0.284454 0.284454 1 1 0
0.469369 0.284797 0.284797 1 1 0
0.470306 0.285139 0.285139 1 1 0
0.471244 0.28548 0.28548 1 1 0
0.472181 0.285821 0.285821 1 1 0
0.473119 0.286161 0.286161 1 1 0
0.474057 0.2865 0.2865 1 1 0
0.474996 0.286839 0.286839 1 1 0
0.475934 0.287177 0.287177 1 1 0
0.476873 0.287515 0.287515 1 1 0
0.477812 0.287852 0.287852 1 1 0
0.478752 0.288188 0.288188 1 1 0
0.479692 0.288524 0.288524 1 1 0
0.480632 0.288859 0.288859 1 1 0
0.481572 0.289194 0.289194 1 1 0
0.482512 0.289527 0.289527 1 1 0
0.483453 0.289861 0.289861 1 1 0
0.484394 0.290193 0.290193 1 1 0
0.485335 0.290525 0.290525 1 1 0
0.486276 0.290857 0.290857 1 1 0
0.487218 0.291187 0.291187 1 1 0
0.48816 0.291518 0.291518 1 1 0
0.489102 0.291847 0.291847 1 1 0
0.490045 0.292176 0.292176 1 1 0
0.490987 0.292505 0.292505 1 1 0
0.49193 0.292832 0.292832 1 1 0
0.492873 0.29316 0.29316 1 1 0
0.493817 0.293486 0.293486 1 1 0
0.49476 0.293812 0.293812 1 1 0
0.495704 0.294138 0.294138 1 1 0
0.496648 0.294462 0.294462 1 1 0
0.497592 0.294787 0.294787 1 1 0
0.498537 0.29511 0.29511 1 1 0
0.499482 0.295433 0.295433 1 1 0
0.500427 0.295756 0.295756 1 1 0
0.501372 0.296078 0.296078 1 1 0
0.502317 0.296399 0.296399 1 1 0
0.503263 0.29672 0.29672 1 1 0
0.504209 0.29704 0.29704 1 1 0
0.505155 0.297359 0.297359 1 1 0
0.506101 0.297678 0.297678 1 1 0
0.507047 0.297997 0.297997 1 1 0
0.507994 0.298315 0.298315 1 1 0
0.508941 0.298632 0.298632 1 1 0
0.509888 0.298948 0.298948 1 1 0
0.510835 0.299265 0.299265 1 1 0
0.511783 0.29958 0.29958 1 1 0
0.512731 0.299895 0.299895 1 1 0
0.513679 0.30021 0.30021 1 1 0
0.514627 0.300523 0.300523 1 1 0
0.515575 0.300837 0.300837 1 1 0
0.516524 0.30115 0.30115 1 1 0
0.517472 0.301462 0.301462 1 1 0
0.518421 0.301773 0.301773 1 1 0
0.51937 0.302084 0.302084 1 1 0
0.52032 0.302395 0.302395 1 1 0
0.521269 0.302705 0.302705 1 1 0
0.522219 0.303014 0.303014 1 1 0
0.523169 0.303323 0.303323 1 1 0
0.524119 0.303632 0.303632 1 1 0
0.525069 0.303939 0.303939 1 1 0
0.52602 0.304247 0.304247 1 1 0
0.526971 0.304553 0.304553 1 1 0
0.527921 0.30486 0.30486 1 1 0
0.528873 0.305165 0.305165 1 1 0
0.529824 0.30547 0.30547 1 1 0
0.530775 0.305775 0.305775 1 1 0
0.531727 0.306079 0.306079 1 1 0
0.532679 0.306382 0.306382 1 1 0
0.533631 0.306685 0.306685 1 1 0
0.534583 0.306988 0.306988 1 1 0
0.535535 0.30729 0.30729 1 1 0
0.536488 0.307591 0.307591 1 1 0
0.53744 0.307892 0.307892 1 1 0
0.538393 0.308192 0.308192 1 1 0
0.539346 0.308492 0.308492 1 1 0
0.5403 0.308791 0.308791 1 1 0
0.541253 0.30909 0.30909 1 1 0
0.542207 0.309388 0.309388 1 1 0
0.54316 0.309686 0.309686 1 1 0
0.544114 0.309983 0.309983 1 1 0
0.545068 0.31028 0.31028 1 1 0
0.546023 0.310576 0.310576 1 1 0
0.546977 0.310872 0.310872 1 1 0
0.547932 0.311167 0.311167 1 1 0
0.548887 0.311462 0.311462 1 1 0
0.549842 0.311756 0.311756 1 1 0
0.550797 0.31205 0.31205 1 1 0
0.551752 0.312343 0.312343 1 1 0
0.552707 0.312636 0.312636 1 1 0
0.553663 0.312928 0.312928 1 1 0
0.554619 0.31322 0.31322 1 1 0
0.555575 0.313511 0.313511 1 1 0
0.556531 0.313801 0.313801 1 1 0
0.557487 0.314092 0.314092 1 1 0
0.558443 0.314381 0.314381 1 1 0
0.5594 0.314671 0.314671 1 1 0
0.560357 0.314959 0.314959 1 1 0
0.561313 0.315247 0.315247 1 1 0
0.562271 0.315535 0.315535 1 1 0
0.563228 0.315823 0.315823 1 1 0
0.564185 0.316109 0.316109 1 1 0
0.565142 0.316396 0.316396 1 1 0
0.5661 0.316681 0.316681 1 1 0
0.567058 0.316967 0.316967 1 1 0
0.568016 0.317252 0.317252 1 1 0
0.568974 0.317536 0.317536 1 1 0
0.569932 0.31782 0.31782 1 1 0
0.570891 0.318103 0.318103 1 1 0
0.571849 0.318386 0.318386 1 1 0
0.572808 0.318669 0.318669 1 1 0
0.573767 0.318951 0.318951 1 1 0
0.574726 0.319232 0.319232 1 1 0
0.575685 0.319514 0.319514 1 1 0
0.576644 0.319794 0.319794 1 1 0
0.577603 0.320074 0.320074 1 1 0
0.578563 0.320354 0.320354 1 1 0
0.579522 0.320633 0.320633 1 1 0
0.580482 0.320912 0.320912 1 1 0
0.581442 0.32119 0.32119 1 1 0
0.582402 0.321468 0.321468 1 1 0
0.583363 0.321746 0.321746 1 1 0
0.584323 0.322023 0.322023 1 1 0
0.585283 0.322299 0.322299 1 1 0
0.586244 0.322575 0.322575 1 1 0
0.587205 0.322851 0.322851 1 1 0
0.588166 0.323126 0.323126 1 1 0
0.589127 0.323401 0.323401 1 1 0
0.590088 0.323675 0.323675 1 1 0
0.591049 0.323949 0.323949 1 1 0
0.592011 0.324222 0.324222 1 1 0
0.592972 0.324495 0.324495 1 1 0
0.593934 0.324768 0.324768 1 1 0
0.594896 0.32504 0.32504 1 1 0
0.595858 0.325311 0.325311 1 1 0
0.59682 0.325582 0.325582 1 1 0
0.597782 0.325853 0.325853 1 1 0
0.598744 0.326123 0.326123 1 1 0
0.599707 0.326393 0.326393 1 1 0
0.600669 0.326663 0.326663 1 1 0
0.601632 0.326932 0.326932 1 1 0
0.602595 0.3272 0.3272 1 1 0
0.603558 0.327468 0.327468 1 1 0
0.604521 0.327736 0.327736 1 1 0
0.605484 0.328003 0.328003 1 1 0
0.606448 0.32827 0.32827 1 1 0
0.607411 0.328537 0.328537 1 1 0
0.608375 0.328803 0.328803 1 1 0
0.609338 0.329068 0.329068 1 1 0
0.610302 0.329334 0.329334 1 1 0
0.611266 0.329598 0.329598 1 1 0
0.61223 0.329863 0.329863 1 1 0
0.613194 0.330127 0.330127 1 1 0
0.614159 0.33039 0.33039 1 1 0
0.615123 0.330653 0.330653 1 1 0
0.616088 0.330916 0.330916 1 1 0
0.617052 0.331178 0.331178 1 1 0
0.618017 0.33144 0.33144 1 1 0
0.618982 0.331701 0.331701 1 1 0
0.619947 0.331962 0.331962 1 1 0
0.620912 0.332223 0.332223 1 1 0
0.621877 0.332483 0.332483 1 1 0
0.622843 0.332743 0.332743 1 1 0
0.623808 0.333003 0.333003 1 1 0
0.624774 0.333262 0.333262 1 1 0
0.625739 0.33352 0.33352 1 1 0
0.626705 0.333778 0.333778 1 1 0
0.627671 0.334036 0.334036 1 1 0
0.628637 0.334294 0.334294 1 1 0
0.629603 0.334551 0.334551 1 1 0
0.630569 0.334807 0.334807 1 1 0
0.631536 0.335064 0.335064 1 1 0
0.632502 0.335319 0.335319 1 1 0
0.633468 0.335575 0.335575 1 1 0
0.634435 0.33583 0.33583 1 1 0
0.635402 0.336085 0.336085 1 1 0
0.636369 0.336339 0.336339 1 1 0
0.637336 0.336593 0.336593 1 1 0
0.638303 0.336846 0.336846 1 1 0
0.63927 0.337099 0.337099 1 1 0
0.640237 0.337352 0.337352 1 1 0
0.641205 0.337605 0.337605 1 1 0
0.642172 0.337857 0.337857 1 1 0
0.64314 0.338108 0.338108 1 1 0
0.644107 0.338359 0.338359 1 1 0
0.645075 0.33861 0.33861 1 1 0
0.646043 0.338861 0.338861 1 1 0
0.647011 0.339111 0.339111 1 1 0
0.647979 0.33936 0.33936 1 1 0
0.648947 0.33961 0.33961 1 1 0
0.649915 0.339859 0.339859 1 1 0
0.650884 0.340107 0.340107 1 1 0
0.651852 0.340356 0.340356 1 1 0
0.652821 0.340603 0.340603 1 1 0
0.653789 0.340851 0.340851 1 1 0
0.654758 0.341098 0.341098 1 1 0
0.655727 0.341345 0.341345 1 1 0
0.656696 0.341591 0.341591 1 1 0
0.657665 0.341837 0.341837 1 1 0
0.658634 0.342083 0.342083 1 1 0
0.659603 0.342328 0.342328 1 1 0
0.660573 0.342573 0.342573 1 1 0
0.661542 0.342818 0.342818 1 1 0
0.662512 0.343062 0.343062 1 1 0
0.663481 0.343306 0.343306 1 1 0
0.664451 0.343549 0.343549 1 1 0
0.665421 0.343792 0.343792 1 1 0
0.666391 0.344035 0.344035 1 1 0
0.667361 0.344277 0.344277 1 1 0
0.668331 0.344519 0.344519 1 1 0
0.669301 0.344761 0.344761 1 1 0
0.670271 0.345002 0.345002 1 1 0
0.671241 0.345244 0.345244 1 1 0
0.672212 0.345484 0.345484 1 1 0
0.673182 0.345724 0.345724 1 1 0
0.674153 0.345964 0.345964 1 1 0
0.675124 0.346204 0.346204 1 1 0
0.676094 0.346443 0.346443 1 1 0
0.677065 0.346682 0.346682 1 1 0
0.678036 0.346921 0.346921 1 1 0
0.679007 0.347159 0.347159 1 1 0
0.679978 0.347397 0.347397 1 1 0
0.680949 0.347635 0.347635 1 1 0
0.681921 0.347872 0.347872 1 1 0
0.682892 0.348109 0.348109 1 1 0
0.683864 0.348345 0.348345 1 1 0
0.684835 0.348581 0.348581 1 1 0
0.685807 0.348817 0.348817 1 1 0
0.686778 0.349053 0.349053 1 1 0
0.68775 0.349288 0.349288 1 1 0
0.688722 0.349523 0.349523 1 1 0
0.689694 0.349757 0.349757 1 1 0
0.690666 0.349991 0.349991 1 1 0
0.691638 0.350225 0.350225 1 1 0
0.69261 0.350459 0.350459 1 1 0
0.693583 0.350692 0.350692 1 1 0
0.694555 0.350925 0.350925 1 1 0
0.695527 0.351157 0.351157 1 1 0
0.6965 0.35139 0.35139 1 1 0
0.697473 0.351622 0.351622 1 1 0
0.698445 0.351853 0.351853 1 1 0
0.699418 0.352084 0.352084 1 1 0
0.700391 0.352315 0.352315 1 1 0
0.701364 0.352546 0.352546 1 1 0
0.702337 0.352776 0.352776 1 1 0
0.70331 0.353006 0.353006 1 1 0
0.704283 0.353236 0.353236 1 1 0
0.705256 0.353465 0.353465 1 1 0
0.706229 0.353694 0.353694 1 1 0
0.707203 0.353923 0.353923 1 1 0
0.708176 0.354151 0.354151 1 1 0
0.70915 0.354379 0.354379 1 1 0
0.710123 0.354607 0.354607 1 1 0
0.711097 0.354834 0.354834 1 1 0
0.712071 0.355062 0.355062 1 1 0
0.713044 0.355288 0.355288 1 1 0
0.714018 0.355515 0.355515 1 1 0
0.714992 0.355741 0.355741 1 1 0
0.715966 0.355967 0.355967 1 1 0
0.71694 0.356192 0.356192 1 1 0
0.717915 0.356418 0.356418 1 1 0
0.718889 0.356643 0.356643 1 1 0
0.719863 0.356867 0.356867 1 1 0
0.720838 0.357092 0.357092 1 1 0
0.721812 0.357316 0.357316 1 1 0
0.722787 0.357539 0.357539 1 1 0
0.723761 0.357763 0.357763 1 1 0
0.724736 0.357986 0.357986 1 1 0
0.725711 0.358209 0.358209 1 1 0
0.726685 0.358431 0.358431 1 1 0
0.72766 0.358654 0.358654 1 1 0
0.728635 0.358875 0.358875 1 1 0
0.72961 0.359097 0.359097 1 1 0
0.730585 0.359318 0.359318 1 1 0
0.731561 0.359539 0.359539 1 1 0
0.732536 0.35976 0.35976 1 1 0
0.733511 0.359981 0.359981 1 1 0
0.734486 0.360201 0.360201 1 1 0
0.735462 0.360421 0.360421 1 1 0
0.736437 0.36064 0.36064 1 1 0
0.737413 0.36086 0.36086 1 1 0
0.738389 0.361079 0.361079 1 1 0
0.739364 0.361297 0.361297 1 1 0
0.74034 0.361516 0.361516 1 1 0
0.741316 0.361734 0.361734 1 1 0
0.742292 0.361952 0.361952 1 1 0
0.743268 0.362169 0.362169 1 1 0
0.744244 0.362386 0.362386 1 1 0
0.74522 0.362603 0.362603 1 1 0
0.746196 0.36282 0.36282 1 1 0
0.747172 0.363036 0.363036 1 1 0
0.748148 0.363253 0.363253 1 1 0
0.749125 0.363468 0.363468 1 1 0
0.750101 0.363684 0.363684 1 1 0
0.751078 0.363899 0.363899 1 1 0
0.752054 0.364114 0.364114 1 1 0
0.753031 0.364329 0.364329 1 1 0
0.754007 0.364543 0.364543 1 1 0
0.754984 0.364757 0.364757 1 1 0
0.755961 0.364971 0.364971 1 1 0
0.756938 0.365185 0.365185 1 1 0
0.757915 0.365398 0.365398 1 1 0
0.758891 0.365611 0.365611 1 1 0
0.759868 0.365824 0.365824 1 1 0
0.760846 0.366037 0.366037 1 1 0
0.761823 0.366249 0.366249 1 1 0
0.7628 0.366461 0.366461 1 1 0
0.763777 0.366673 0.366673 1 1 0
0.764754 0.366884 0.366884 1 1 0
0.765732 0.367095 0.367095 1 1 0
0.766709 0.367306 0.367306 1 1 0
0.767687 0.367517 0.367517 1 1 0
0.768664 0.367727 0.367727 1 1 0
0.769642 0.367937 0.367937 1 1 0
0.77062 0.368147 0.368147 1 1 0
0.771597 0.368356 0.368356 1 1 0
0.772575 0.368566 0.368566 1 1 0
0.773553 0.368775 0.368775 1 1 0
0.774531 0.368983 0.368983 1 1 0
0.775509 0.369192 0.369192 1 1 0
0.776487 0.3694 0.3694 1 1 0
0.777465 0.369608 0.369608 1 1 0
0.778443 0.369816 0.369816 1 1 0
0.779421 0.370023 0.370023 1 1 0
0.780399 0.37023 0.37023 1 1 0
0.781378 0.370437 0.370437 1 1 0
0.782356 0.370644 0.370644 1 1 0
0.783334 0.37085 0.37085 1 1 0
0.784313 0.371056 0.371056 1 1 0
0.785291 0.371262 0.371262 1 1 0
0.78627 0.371468 0.371468 1 1 0
0.787249 0.371673 0.371673 1 1 0
0.788227 0.371878 0.371878 1 1 0
0.789206 0.372083 0.372083 1 1 0
0.790185 0.372288 0.372288 1 1 0
0.791164 0.372492 0.372492 1 1 0
0.792142 0.372696 0.372696 1 1 0
0.793121 0.3729 0.3729 1 1 0
0.7941 0.373104 0.373104 1 1 0
0.795079 0.373307 0.373307 1 1 0
0.796059 0.37351 0.37351 1 1 0
0.797038 0.373713 0.373713 1 1 0
0.798017 0.373916 0.373916 1 1 0
0.798996 0.374118 0.374118 1 1 0
0.799975 0.37432 0.37432 1 1 0
0.800955 0.374522 0.374522 1 1 0
0.801934 0.374724 0.374724 1 1 0
0.802914 0.374925 0.374925 1 1 0
0.803893 0.375126 0.375126 1 1 0
0.804873 0.375327 0.375327 1 1 0
0.805852 0.375528 0.375528 1 1 0
0.806832 0.375728 0.375728 1 1 0
0.807812 0.375928 0.375928 1 1 0
0.808791 0.376128 0.376128 1 1 0
0.809771 0.376328 0.376328 1 1 0
0.810751 0.376527 0.376527 1 1 0
0.811731 0.376726 0.376726 1 1 0
0.812711 0.376925 0.376925 1 1 0
0.813691 0.377124 0.377124 1 1 0
0.814671 0.377322 0.377322 1 1 0
0.815651 0.377521 0.377521 1 1 0
0.816631 0.377719 0.377719 1 1 0
0.817612 0.377916 0.377916 1 1 0
0.818592 0.378114 0.378114 1 1 0
0.819572 0.378311 0.378311 1 1 0
0.820552 0.378508 0.378508 1 1 0
0.821533 0.378705 0.378705 1 1 0
0.822513 0.378902 0.378902 1 1 0
0.823494 0.379098 0.379098 1 1 0
0.824474 0.379294 0.379294 1 1 0
0.825455 0.37949 0.37949 1 1 0
0.826435 0.379686 0.379686 1 1 0
0.827416 0.379881 0.379881 1 1 0
0.828397 0.380076 0.380076 1 1 0
0.829378 0.380271 0.380271 1 1 0
0.830358 0.380466 0.380466 1 1 0
0.831339 0.38066 0.38066 1 1 0
0.83232 0.380855 0.380855 1 1 0
0.833301 0.381049 0.381049 1 1 0
0.834282 0.381242 0.381242 1 1 0
0.835263 0.381436 0.381436 1 1 0
0.836244 0.381629 0.381629 1 1 0
0.837225 0.381823 0.381823 1 1 0
0.838207 0.382015 0.382015 1 1 0
0.839188 0.382208 0.382208 1 1 0
0.840169 0.382401 0.382401 1 1 0
0.84115 0.382593 0.382593 1 1 0
0.842132 0.382785 0.382785 1 1 0
0.843113 0.382977 0.382977 1 1 0
0.844094 0.383168 0.383168 1 1 0
0.845076 0.38336 0.38336 1 1 0
0.846057 0.383551 0.383551 1 1 0
0.847039 0.383742 0.383742 1 1 0
0.848021 0.383932 0.383932 1 1 0
0.849002 0.384123 0.384123 1 1 0
0.849984 0.384313 0.384313 1 1 0
0.850966 0.384503 0.384503 1 1 0
0.851947 0.384693 0.384693 1 1 0
0.852929 0.384883 0.384883 1 1 0
0.853911 0.385072 0.385072 1 1 0
0.854893 0.385261 0.385261 1 1 0
0.855875 0.38545 0.38545 1 1 0
0.856857 0.385639 0.385639 1 1 0
0.857839 0.385827 0.385827 1 1 0
0.858821 0.386016 0.386016 1 1 0
0.859803 0.386204 0.386204 1 1 0
0.860785 0.386392 0.386392 1 1 0
0.861768 0.386579 0.386579 1 1 0
0.86275 0.386767 0.386767 1 1 0
0.863732 0.386954 0.386954 1 1 0
0.864714 0.387141 0.387141 1 1 0
0.865697 0.387328 0.387328 1 1 0
0.866679 0.387515 0.387515 1 1 0
0.867662 0.387701 0.387701 1 1 0
0.868644 0.387887 0.387887 1 1 0
0.869627 0.388073 0.388073 1 1 0
0.870609 0.388259 0.388259 1 1 0
0.871592 0.388444 0.388444 1 1 0
0.872574 0.38863 0.38863 1 1 0
0.873557 0.388815 0.388815 1 1 0
0.87454 0.389 0.389 1 1 0
0.875522 0.389185 0.389185 1 1 0
0.876505 0.389369 0.389369 1 1 0
0.877488 0.389554 0.389554 1 1 0
0.878471 0.389738 0.389738 1 1 0
0.879454 0.389922 0.389922 1 1 0
0.880437 0.390105 0.390105 1 1 0
0.88142 0.390289 0.390289 1 1 0
0.882403 0.390472 0.390472 1 1 0
0.883386 0.390655 0.390655 1 1 0
0.884369 0.390838 0.390838 1 1 0
0.885352 0.391021 0.391021 1 1 0
0.886335 0.391204 0.391204 1 1 0
0.887318 0.391386 0.391386 1 1 0
0.888302 0.391568 0.391568 1 1 0
0.889285 0.39175 0.39175 1 1 0
0.890268 0.391932 0.391932 1 1 0
0.891252 0.392113 0.392113 1 1 0
0.892235 0.392294 0.392294 1 1 0
0.893219 0.392476 0.392476 1 1 0
0.894202 0.392657 0.392657 1 1 0
0.895185 0.392837 0.392837 1 1 0
0.896169 0.393018 0.393018 1 1 0
0.897153 0.393198 0.393198 1 1 0
0.898136 0.393378 0.393378 1 1 0
0.89912 0.393558 0.393558 1 1 0
0.900104 0.393738 0.393738 1 1 0
0.901087 0.393918 0.393918 1 1 0
0.902071 0.394097 0.394097 1 1 0
0.903055 0.394276 0.394276 1 1 0
0.904039 0.394455 0.394455 1 1 0
0.905022 0.394634 0.394634 1 1 0
0.906006 0.394813 0.394813 1 1 0
0.90699 0.394991 0.394991 1 1 0
0.907974 0.395169 0.395169 1 1 0
0.908958 0.395347 0.395347 1 1 0
0.909942 0.395525 0.395525 1 1 0
0.910926 0.395703 0.395703 1 1 0
0.91191 0.39588 0.39588 1 1 0
0.912895 0.396057 0.396057 1 1 0
0.913879 0.396234 0.396234 1 1 0
0.914863 0.396411 0.396411 1 1 0
0.915847 0.396588 0.396588 1 1 0
0.916831 0.396765 0.396765 1 1 0
0.917816 0.396941 0.396941 1 1 0
0.9188 0.397117 0.397117 1 1 0
0.919784 0.397293 0.397293 1 1 0
0.920769 0.397469 0.397469 1 1 0
0.921753 0.397644 0.397644 1 1 0
0.922738 0.39782 0.39782 1 1 0
0.923722 0.397995 0.397995 1 1 0
0.924707 0.39817 0.39817 1 1 0
0.925691 0.398345 0.398345 1 1 0
0.926676 0.39852 0.39852 1 1 0
0.927661 0.398694 0.398694 1 1 0
0.928645 0.398868 0.398868 1 1 0
0.92963 0.399043 0.399043 1 1 0
0.930615 0.399217 0.399217 1 1 0
0.9316 0.39939 0.39939 1 1 0
0.932584 0.399564 0.399564 1 1 0
0.933569 0.399737 0.399737 1 1 0
0.934554 0.399911 0.399911 1 1 0
0.935539 0.400084 0.400084 1 1 0
0.936524 0.400256 0.400256 1 1 0
0.937509 0.400429 0.400429 1 1 0
0.938494 0.400602 0.400602 1 1 0
0.939479 0.400774 0.400774 1 1 0
0.940464 0.400946 0.400946 1 1 0
0.941449 0.401118 0.401118 1 1 0
0.942434 0.40129 0.40129 1 1 0
0.943419 0.401462 0.401462 1 1 0
0.944404 0.401633 0.401633 1 1 0
0.94539 0.401804 0.401804 1 1 0
0.946375 0.401975 0.401975 1 1 0
0.94736 0.402146 0.402146 1 1 0
0.948345 0.402317 0.402317 1 1 0
0.949331 0.402488 0.402488 1 1 0
0.950316 0.402658 0.402658 1 1 0
0.951301 0.402828 0.402828 1 1 0
0.952287 0.402998 0.402998 1 1 0
0.953272 0.403168 0.403168 1 1 0
0.954258 0.403338 0.403338 1 1 0
0.955243 0.403507 0.403507 1 1 0
0.956229 0.403677 0.403677 1 1 0
0.957214 0.403846 0.403846 1 1 0
0.9582 0.404015 0.404015 1 1 0
0.959185 0.404184 0.404184 1 1 0
0.960171 0.404353 0.404353 1 1 0
0.961157 0.404521 0.404521 1 1 0
0.962143 0.404689 0.404689 1 1 0
0.963128 0.404858 0.404858 1 1 0
0.964114 0.405026 0.405026 1 1 0
0.9651 0.405194 0.405194 1 1 0
0.966086 0.405361 0.405361 1 1 0
0.967072 0.405529 0.405529 1 1 0
0.968057 0.405696 0.405696 1 1 0
0.969043 0.405863 0.405863 1 1 0
0.970029 0.40603 0.40603 1 1 0
0.971015 0.406197 0.406197 1 1 0
0.972001 0.406364 0.406364 1 1 0
0.972987 0.40653 0.40653 1 1 0
0.973973 0.406697 0.406697 1 1 0
0.974959 0.406863 0.406863 1 1 0
0.975945 0.407029 0.407029 1 1 0
0.976932 0.407195 0.407195 1 1 0
0.977918 0.40736 0.40736 1 1 0
0.978904 0.407526 0.407526 1 1 0
0.97989 0.407691 0.407691 1 1 0
0.980876 0.407856 0.407856 1 1 0
0.981863 0.408021 0.408021 1 1 0
0.982849 0.408186 0.408186 1 1 0
0.983835 0.408351 0.408351 1 1 0
0.984822 0.408516 0.408516 1 1 0
0.985808 0.40868 0.40868 1 1 0
0.986794 0.408844 0.408844 1 1 0
0.987781 0.409008 0.409008 1 1 0
0.988767 0.409172 0.409172 1 1 0
0.989754 0.409336 0.409336 1 1 0
0.99074 0.4095 0.4095 1 1 0
0.991727 0.409663 0.409663 1 1 0
0.992713 0.409826 0.409826 1 1 0
0.9937 0.409989 0.409989 1 1 0
0.994687 0.410152 0.410152 1 1 0
0.995673 0.410315 0.410315 1 1 0
0.99666 0.410478 0.410478 1 1 0
0.997647 0.41064 0.41064 1 1 0
0.998633 0.410803 0.410803 1 1 0
0.99962 0.410965 0.410965 1 1 0
1.00061 0.411127 0.411127 1 1 0
